# program outputs_at_2+2+2 halts steps   (proven on all 16,777,216 triples)
45666950D0 12 0 64
45666951D1 12 0 64
45666952D2 12 0 64
45666953D3 12 0 64
45666955D5 12 0 64
45666956D6 12 0 64
45666957D7 12 0 64
45666958D8 12 0 64
45666959D9 12 0 64
4566695ADA 12 0 64
4566695BDB 12 0 64
4566695CDC 12 0 64
4566695DDD 12 0 64
4566695EDE 12 0 64
4566695FDF 12 0 64
45696650D0 12 0 64
45696651D1 12 0 64
45696652D2 12 0 64
45696653D3 12 0 64
45696655D5 12 0 64
45696656D6 12 0 64
45696657D7 12 0 64
45696658D8 12 0 64
45696659D9 12 0 64
4569665ADA 12 0 64
4569665BDB 12 0 64
4569665CDC 12 0 64
4569665DDD 12 0 64
4569665EDE 12 0 64
4569665FDF 12 0 64
46656950D0 12 0 64
46656951D1 12 0 64
46656952D2 12 0 64
46656953D3 12 0 64
46656955D5 12 0 64
46656956D6 12 0 64
46656957D7 12 0 64
46656958D8 12 0 64
46656959D9 12 0 64
4665695ADA 12 0 64
4665695BDB 12 0 64
4665695CDC 12 0 64
4665695DDD 12 0 64
4665695EDE 12 0 64
4665695FDF 12 0 64
46696550D0 12 0 64
46696551D1 12 0 64
46696552D2 12 0 64
46696553D3 12 0 64
46696555D5 12 0 64
46696556D6 12 0 64
46696557D7 12 0 64
46696558D8 12 0 64
46696559D9 12 0 64
4669655ADA 12 0 64
4669655BDB 12 0 64
4669655CDC 12 0 64
4669655DDD 12 0 64
4669655EDE 12 0 64
4669655FDF 12 0 64
49656650D0 12 0 64
49656651D1 12 0 64
49656652D2 12 0 64
49656653D3 12 0 64
49656655D5 12 0 64
49656656D6 12 0 64
49656657D7 12 0 64
49656658D8 12 0 64
49656659D9 12 0 64
4965665ADA 12 0 64
4965665BDB 12 0 64
4965665CDC 12 0 64
4965665DDD 12 0 64
4965665EDE 12 0 64
4965665FDF 12 0 64
49666550D0 12 0 64
49666551D1 12 0 64
49666552D2 12 0 64
49666553D3 12 0 64
49666555D5 12 0 64
49666556D6 12 0 64
49666557D7 12 0 64
49666558D8 12 0 64
49666559D9 12 0 64
4966655ADA 12 0 64
4966655BDB 12 0 64
4966655CDC 12 0 64
4966655DDD 12 0 64
4966655EDE 12 0 64
4966655FDF 12 0 64
65666950D0 12 0 64
65666951D1 12 0 64
65666952D2 12 0 64
65666953D3 12 0 64
65666955D5 12 0 64
65666956D6 12 0 64
65666957D7 12 0 64
65666958D8 12 0 64
65666959D9 12 0 64
6566695ADA 12 0 64
6566695BDB 12 0 64
6566695CDC 12 0 64
6566695DDD 12 0 64
6566695EDE 12 0 64
6566695FDF 12 0 64
65696650D0 12 0 64
65696651D1 12 0 64
65696652D2 12 0 64
65696653D3 12 0 64
65696655D5 12 0 64
65696656D6 12 0 64
65696657D7 12 0 64
65696658D8 12 0 64
65696659D9 12 0 64
6569665ADA 12 0 64
6569665BDB 12 0 64
6569665CDC 12 0 64
6569665DDD 12 0 64
6569665EDE 12 0 64
6569665FDF 12 0 64
66656950D0 12 0 64
66656951D1 12 0 64
66656952D2 12 0 64
66656953D3 12 0 64
66656955D5 12 0 64
66656956D6 12 0 64
66656957D7 12 0 64
66656958D8 12 0 64
66656959D9 12 0 64
6665695ADA 12 0 64
6665695BDB 12 0 64
6665695CDC 12 0 64
6665695DDD 12 0 64
6665695EDE 12 0 64
6665695FDF 12 0 64
66696550D0 12 0 64
66696551D1 12 0 64
66696552D2 12 0 64
66696553D3 12 0 64
66696555D5 12 0 64
66696556D6 12 0 64
66696557D7 12 0 64
66696558D8 12 0 64
66696559D9 12 0 64
6669655ADA 12 0 64
6669655BDB 12 0 64
6669655CDC 12 0 64
6669655DDD 12 0 64
6669655EDE 12 0 64
6669655FDF 12 0 64
66A069E1A4 10 0 64
66A0E1A369 10 0 64
67A069A4E3 9 0 64
67A069E2A3 10 0 64
67A0A4C9E4 7 0 64
69656650D0 12 0 64
69656651D1 12 0 64
69656652D2 12 0 64
69656653D3 12 0 64
69656655D5 12 0 64
69656656D6 12 0 64
69656657D7 12 0 64
69656658D8 12 0 64
69656659D9 12 0 64
6965665ADA 12 0 64
6965665BDB 12 0 64
6965665CDC 12 0 64
6965665DDD 12 0 64
6965665EDE 12 0 64
6965665FDF 12 0 64
69666550D0 12 0 64
69666551D1 12 0 64
69666552D2 12 0 64
69666553D3 12 0 64
69666555D5 12 0 64
69666556D6 12 0 64
69666557D7 12 0 64
69666558D8 12 0 64
69666559D9 12 0 64
6966655ADA 12 0 64
6966655BDB 12 0 64
6966655CDC 12 0 64
6966655DDD 12 0 64
6966655EDE 12 0 64
6966655FDF 12 0 64
69A059A4E4 7 0 64
69A05DA4E4 7 0 64
69A05FE2A4 9 0 64
69A067A4E4 7 0 64
69A068A4E4 7 0 64
69A06EA4E4 7 0 64
69A092E2A4 8 0 64
69A093E1A4 8 0 64
69A094E2A1 8 0 64
69A09AE2A4 9 0 64
69A0A393E3 7 0 64
69A0A3A5E4 7 0 64
69A0A467E4 7 0 64
69A0A4A3E4 7 0 64
69A0A4A4E5 7 0 64
69A0A4CFE4 7 0 64
69A0A9A4E4 7 0 64
69A0CFA4E4 7 0 64
69A0E45DA2 8 0 64
69A1A05BE3 8 0 64
69A1A4A0E4 7 0 64
69A2F0A0A2 4 0 64
69A3A0E3A0 9 0 64
69A4A0A0E3 8 0 64
69E9A0A15E 5 0 64
69EBA0A15E 3 0 64
6AA0A36DE3 6 0 64
6AA0A465E4 7 0 64
6AA4A05FE4 7 0 64
6AEAA0A15E 4 0 64
6AECA0A15E 2 0 64
6BEBA0A15E 3 0 64
6BEDA0A15E 1 0 64
6CECA0A15E 2 0 64
6DEDA0A15E 1 0 64
72D5926555 1 0 64
72D5936455 1 0 64
7350D09365 2 0 64
7350D09464 2 0 64
7351D19365 2 0 64
7351D19464 2 0 64
7353D39365 6 0 64
7353D39464 6 0 64
7354D49365 1 0 64
7354D49464 1 0 64
7355D59365 2 0 64
7355D59464 2 0 64
7356D69365 2 0 64
7356D69464 2 0 64
7357D79365 2 0 64
7357D79464 2 0 64
7358D89365 2 0 64
7358D89464 2 0 64
7359D99365 2 0 64
7359D99464 2 0 64
735ADA9365 2 0 64
735ADA9464 2 0 64
735BDB9365 2 0 64
735BDB9464 2 0 64
735CDC9365 2 0 64
735CDC9464 2 0 64
735DDD9365 2 0 64
735DDD9464 2 0 64
735EDE9365 2 0 64
735EDE9464 2 0 64
735FDF9365 2 0 64
735FDF9464 2 0 64
77D5926555 1 0 64
77D5936455 1 0 64
7850D09365 2 0 64
7850D09464 2 0 64
7851D19365 2 0 64
7851D19464 2 0 64
7853D39365 6 0 64
7853D39464 6 0 64
7854D49365 1 0 64
7854D49464 1 0 64
7855D59365 2 0 64
7855D59464 2 0 64
7856D69365 2 0 64
7856D69464 2 0 64
7857D79365 2 0 64
7857D79464 2 0 64
7858D89365 2 0 64
7858D89464 2 0 64
7859D99365 2 0 64
7859D99464 2 0 64
785ADA9365 2 0 64
785ADA9464 2 0 64
785BDB9365 2 0 64
785BDB9464 2 0 64
785CDC9365 2 0 64
785CDC9464 2 0 64
785DDD9365 2 0 64
785DDD9464 2 0 64
785EDE9365 2 0 64
785EDE9464 2 0 64
785FDF9365 2 0 64
785FDF9464 2 0 64
7CD5926555 1 0 64
7CD5936455 1 0 64
7D50D09365 2 0 64
7D50D09464 2 0 64
7D51D19365 2 0 64
7D51D19464 2 0 64
7D53D39365 6 0 64
7D53D39464 6 0 64
7D54D49365 1 0 64
7D54D49464 1 0 64
7D55D59365 2 0 64
7D55D59464 2 0 64
7D56D69365 2 0 64
7D56D69464 2 0 64
7D57D79365 2 0 64
7D57D79464 2 0 64
7D58D89365 2 0 64
7D58D89464 2 0 64
7D59D99365 2 0 64
7D59D99464 2 0 64
7D5ADA9365 2 0 64
7D5ADA9464 2 0 64
7D5BDB9365 2 0 64
7D5BDB9464 2 0 64
7D5CDC9365 2 0 64
7D5CDC9464 2 0 64
7D5DDD9365 2 0 64
7D5DDD9464 2 0 64
7D5EDE9365 2 0 64
7D5EDE9464 2 0 64
7D5FDF9365 2 0 64
7D5FDF9464 2 0 64
A2EB6AA15E 3 0 64
A2EC6BA15E 2 0 64
A2ED6CA15E 1 0 64
A35EE16DA4 7 0 64
A35EE16EA3 7 0 64
A35FE16AA3 9 0 64
A3A1E16BA4 8 0 64
A3A1E16CA3 8 0 64
A45EA4E16F 7 0 64
A45FA4E16B 9 0 64
A4A0E16AA5 8 0 64
A4A0E16BA4 8 0 64
A4A1A4E16D 8 0 64
A9E25F6AA4 1 0 64
A9E25F6BA3 1 0 64
C5666950D0 12 0 64
C5666951D1 12 0 64
C5666952D2 12 0 64
C5666953D3 12 0 64
C5666955D5 12 0 64
C5666956D6 12 0 64
C5666957D7 12 0 64
C5666958D8 12 0 64
C5666959D9 12 0 64
C566695ADA 12 0 64
C566695BDB 12 0 64
C566695CDC 12 0 64
C566695DDD 12 0 64
C566695EDE 12 0 64
C566695FDF 12 0 64
C5696650D0 12 0 64
C5696651D1 12 0 64
C5696652D2 12 0 64
C5696653D3 12 0 64
C5696655D5 12 0 64
C5696656D6 12 0 64
C5696657D7 12 0 64
C5696658D8 12 0 64
C5696659D9 12 0 64
C569665ADA 12 0 64
C569665BDB 12 0 64
C569665CDC 12 0 64
C569665DDD 12 0 64
C569665EDE 12 0 64
C569665FDF 12 0 64
C6656950D0 12 0 64
C6656951D1 12 0 64
C6656952D2 12 0 64
C6656953D3 12 0 64
C6656955D5 12 0 64
C6656956D6 12 0 64
C6656957D7 12 0 64
C6656958D8 12 0 64
C6656959D9 12 0 64
C665695ADA 12 0 64
C665695BDB 12 0 64
C665695CDC 12 0 64
C665695DDD 12 0 64
C665695EDE 12 0 64
C665695FDF 12 0 64
C6696550D0 12 0 64
C6696551D1 12 0 64
C6696552D2 12 0 64
C6696553D3 12 0 64
C6696555D5 12 0 64
C6696556D6 12 0 64
C6696557D7 12 0 64
C6696558D8 12 0 64
C6696559D9 12 0 64
C669655ADA 12 0 64
C669655BDB 12 0 64
C669655CDC 12 0 64
C669655DDD 12 0 64
C669655EDE 12 0 64
C669655FDF 12 0 64
C9656650D0 12 0 64
C9656651D1 12 0 64
C9656652D2 12 0 64
C9656653D3 12 0 64
C9656655D5 12 0 64
C9656656D6 12 0 64
C9656657D7 12 0 64
C9656658D8 12 0 64
C9656659D9 12 0 64
C965665ADA 12 0 64
C965665BDB 12 0 64
C965665CDC 12 0 64
C965665DDD 12 0 64
C965665EDE 12 0 64
C965665FDF 12 0 64
C9666550D0 12 0 64
C9666551D1 12 0 64
C9666552D2 12 0 64
C9666553D3 12 0 64
C9666555D5 12 0 64
C9666556D6 12 0 64
C9666557D7 12 0 64
C9666558D8 12 0 64
C9666559D9 12 0 64
C966655ADA 12 0 64
C966655BDB 12 0 64
C966655CDC 12 0 64
C966655DDD 12 0 64
C966655EDE 12 0 64
C966655FDF 12 0 64
EA69A05FA1 4 0 64
EB6AA05FA1 3 0 64
EC6BA05FA1 2 0 64
ED6CA05FA1 1 0 64
