# program outputs_at_2+2+2 halts steps   (proven on all 16,777,216 triples)
45686950D0 12 0 64
45686951D1 12 0 64
45686952D2 12 0 64
45686953D3 12 0 64
45686955D5 12 0 64
45686956D6 12 0 64
45686957D7 12 0 64
45686958D8 12 0 64
45686959D9 12 0 64
4568695ADA 12 0 64
4568695BDB 12 0 64
4568695CDC 12 0 64
4568695DDD 12 0 64
4568695EDE 12 0 64
4568695FDF 12 0 64
45696850D0 12 0 64
45696851D1 12 0 64
45696852D2 12 0 64
45696853D3 12 0 64
45696855D5 12 0 64
45696856D6 12 0 64
45696857D7 12 0 64
45696858D8 12 0 64
45696859D9 12 0 64
4569685ADA 12 0 64
4569685BDB 12 0 64
4569685CDC 12 0 64
4569685DDD 12 0 64
4569685EDE 12 0 64
4569685FDF 12 0 64
48656950D0 12 0 64
48656951D1 12 0 64
48656952D2 12 0 64
48656953D3 12 0 64
48656955D5 12 0 64
48656956D6 12 0 64
48656957D7 12 0 64
48656958D8 12 0 64
48656959D9 12 0 64
4865695ADA 12 0 64
4865695BDB 12 0 64
4865695CDC 12 0 64
4865695DDD 12 0 64
4865695EDE 12 0 64
4865695FDF 12 0 64
48696550D0 12 0 64
48696551D1 12 0 64
48696552D2 12 0 64
48696553D3 12 0 64
48696555D5 12 0 64
48696556D6 12 0 64
48696557D7 12 0 64
48696558D8 12 0 64
48696559D9 12 0 64
4869655ADA 12 0 64
4869655BDB 12 0 64
4869655CDC 12 0 64
4869655DDD 12 0 64
4869655EDE 12 0 64
4869655FDF 12 0 64
49656850D0 12 0 64
49656851D1 12 0 64
49656852D2 12 0 64
49656853D3 12 0 64
49656855D5 12 0 64
49656856D6 12 0 64
49656857D7 12 0 64
49656858D8 12 0 64
49656859D9 12 0 64
4965685ADA 12 0 64
4965685BDB 12 0 64
4965685CDC 12 0 64
4965685DDD 12 0 64
4965685EDE 12 0 64
4965685FDF 12 0 64
49686550D0 12 0 64
49686551D1 12 0 64
49686552D2 12 0 64
49686553D3 12 0 64
49686555D5 12 0 64
49686556D6 12 0 64
49686557D7 12 0 64
49686558D8 12 0 64
49686559D9 12 0 64
4968655ADA 12 0 64
4968655BDB 12 0 64
4968655CDC 12 0 64
4968655DDD 12 0 64
4968655EDE 12 0 64
4968655FDF 12 0 64
65686950D0 12 0 64
65686951D1 12 0 64
65686952D2 12 0 64
65686953D3 12 0 64
65686955D5 12 0 64
65686956D6 12 0 64
65686957D7 12 0 64
65686958D8 12 0 64
65686959D9 12 0 64
6568695ADA 12 0 64
6568695BDB 12 0 64
6568695CDC 12 0 64
6568695DDD 12 0 64
6568695EDE 12 0 64
6568695FDF 12 0 64
65696850D0 12 0 64
65696851D1 12 0 64
65696852D2 12 0 64
65696853D3 12 0 64
65696855D5 12 0 64
65696856D6 12 0 64
65696857D7 12 0 64
65696858D8 12 0 64
65696859D9 12 0 64
6569685ADA 12 0 64
6569685BDB 12 0 64
6569685CDC 12 0 64
6569685DDD 12 0 64
6569685EDE 12 0 64
6569685FDF 12 0 64
68656950D0 12 0 64
68656951D1 12 0 64
68656952D2 12 0 64
68656953D3 12 0 64
68656955D5 12 0 64
68656956D6 12 0 64
68656957D7 12 0 64
68656958D8 12 0 64
68656959D9 12 0 64
6865695ADA 12 0 64
6865695BDB 12 0 64
6865695CDC 12 0 64
6865695DDD 12 0 64
6865695EDE 12 0 64
6865695FDF 12 0 64
68696550D0 12 0 64
68696551D1 12 0 64
68696552D2 12 0 64
68696553D3 12 0 64
68696555D5 12 0 64
68696556D6 12 0 64
68696557D7 12 0 64
68696558D8 12 0 64
68696559D9 12 0 64
6869655ADA 12 0 64
6869655BDB 12 0 64
6869655CDC 12 0 64
6869655DDD 12 0 64
6869655EDE 12 0 64
6869655FDF 12 0 64
69656850D0 12 0 64
69656851D1 12 0 64
69656852D2 12 0 64
69656853D3 12 0 64
69656855D5 12 0 64
69656856D6 12 0 64
69656857D7 12 0 64
69656858D8 12 0 64
69656859D9 12 0 64
6965685ADA 12 0 64
6965685BDB 12 0 64
6965685CDC 12 0 64
6965685DDD 12 0 64
6965685EDE 12 0 64
6965685FDF 12 0 64
69686550D0 12 0 64
69686551D1 12 0 64
69686552D2 12 0 64
69686553D3 12 0 64
69686555D5 12 0 64
69686556D6 12 0 64
69686557D7 12 0 64
69686558D8 12 0 64
69686559D9 12 0 64
6968655ADA 12 0 64
6968655BDB 12 0 64
6968655CDC 12 0 64
6968655DDD 12 0 64
6968655EDE 12 0 64
6968655FDF 12 0 64
69A059A4E4 7 0 64
69A05DA4E4 7 0 64
69A05F5BE3 8 0 64
69A05FE2A4 9 0 64
69A065A4E3 9 0 64
69A065E1A4 10 0 64
69A065E2A3 10 0 64
69A066A4E4 7 0 64
69A067A4E4 7 0 64
69A06EA4E4 7 0 64
69A092E2A4 8 0 64
69A093E1A4 8 0 64
69A094E2A1 8 0 64
69A099A4E4 7 0 64
69A09AE2A4 9 0 64
69A0A393E3 7 0 64
69A0A3A5E4 7 0 64
69A0A466E4 7 0 64
69A0A467E4 7 0 64
69A0A499E4 7 0 64
69A0A4A3E4 7 0 64
69A0A4A4E5 7 0 64
69A0A4CFE4 7 0 64
69A0A9A4E4 7 0 64
69A0CFA4E4 7 0 64
69A0E1A365 10 0 64
69A0E45DA2 8 0 64
69A1A05BE3 8 0 64
69A1A0E2A4 9 0 64
69A1A4A0E4 7 0 64
69A2F0A0A2 4 0 64
69A4A065E4 7 0 64
69E9A0A15E 5 0 64
69EBA0A15E 3 0 64
6AA05FA4E4 7 0 64
6AA065A4E3 9 0 64
6AA065E2A3 10 0 64
6AA09AE2A4 9 0 64
6AA0A36DE3 6 0 64
6AA0A465E4 7 0 64
6AA1A465E4 7 0 64
6AEAA0A15E 4 0 64
6AECA0A15E 2 0 64
6BA0A465E4 7 0 64
6BEBA0A15E 3 0 64
6BEDA0A15E 1 0 64
6CECA0A15E 2 0 64
6DEDA0A15E 1 0 64
72D5926555 1 0 64
72D5936455 1 0 64
7350D09365 2 0 64
7350D09464 2 0 64
7351D19365 2 0 64
7351D19464 2 0 64
7353D39365 6 0 64
7353D39464 6 0 64
7354D49365 1 0 64
7354D49464 1 0 64
7355D59365 2 0 64
7355D59464 2 0 64
7356D69365 2 0 64
7356D69464 2 0 64
7357D79365 2 0 64
7357D79464 2 0 64
7358D89365 2 0 64
7358D89464 2 0 64
7359D99365 2 0 64
7359D99464 2 0 64
735ADA9365 2 0 64
735ADA9464 2 0 64
735BDB9365 2 0 64
735BDB9464 2 0 64
735CDC9365 2 0 64
735CDC9464 2 0 64
735DDD9365 2 0 64
735DDD9464 2 0 64
735EDE9365 2 0 64
735EDE9464 2 0 64
735FDF9365 2 0 64
735FDF9464 2 0 64
77D5926555 1 0 64
77D5936455 1 0 64
7850D09365 2 0 64
7850D09464 2 0 64
7851D19365 2 0 64
7851D19464 2 0 64
7853D39365 6 0 64
7853D39464 6 0 64
7854D49365 1 0 64
7854D49464 1 0 64
7855D59365 2 0 64
7855D59464 2 0 64
7856D69365 2 0 64
7856D69464 2 0 64
7857D79365 2 0 64
7857D79464 2 0 64
7858D89365 2 0 64
7858D89464 2 0 64
7859D99365 2 0 64
7859D99464 2 0 64
785ADA9365 2 0 64
785ADA9464 2 0 64
785BDB9365 2 0 64
785BDB9464 2 0 64
785CDC9365 2 0 64
785CDC9464 2 0 64
785DDD9365 2 0 64
785DDD9464 2 0 64
785EDE9365 2 0 64
785EDE9464 2 0 64
785FDF9365 2 0 64
785FDF9464 2 0 64
7CD5926555 1 0 64
7CD5936455 1 0 64
7D50D09365 2 0 64
7D50D09464 2 0 64
7D51D19365 2 0 64
7D51D19464 2 0 64
7D53D39365 6 0 64
7D53D39464 6 0 64
7D54D49365 1 0 64
7D54D49464 1 0 64
7D55D59365 2 0 64
7D55D59464 2 0 64
7D56D69365 2 0 64
7D56D69464 2 0 64
7D57D79365 2 0 64
7D57D79464 2 0 64
7D58D89365 2 0 64
7D58D89464 2 0 64
7D59D99365 2 0 64
7D59D99464 2 0 64
7D5ADA9365 2 0 64
7D5ADA9464 2 0 64
7D5BDB9365 2 0 64
7D5BDB9464 2 0 64
7D5CDC9365 2 0 64
7D5CDC9464 2 0 64
7D5DDD9365 2 0 64
7D5DDD9464 2 0 64
7D5EDE9365 2 0 64
7D5EDE9464 2 0 64
7D5FDF9365 2 0 64
7D5FDF9464 2 0 64
A2EB6AA15E 3 0 64
A2EC6BA15E 2 0 64
A2ED6CA15E 1 0 64
A9E25F6AA4 1 0 64
A9E25F6BA3 1 0 64
C5686950D0 12 0 64
C5686951D1 12 0 64
C5686952D2 12 0 64
C5686953D3 12 0 64
C5686955D5 12 0 64
C5686956D6 12 0 64
C5686957D7 12 0 64
C5686958D8 12 0 64
C5686959D9 12 0 64
C568695ADA 12 0 64
C568695BDB 12 0 64
C568695CDC 12 0 64
C568695DDD 12 0 64
C568695EDE 12 0 64
C568695FDF 12 0 64
C5696850D0 12 0 64
C5696851D1 12 0 64
C5696852D2 12 0 64
C5696853D3 12 0 64
C5696855D5 12 0 64
C5696856D6 12 0 64
C5696857D7 12 0 64
C5696858D8 12 0 64
C5696859D9 12 0 64
C569685ADA 12 0 64
C569685BDB 12 0 64
C569685CDC 12 0 64
C569685DDD 12 0 64
C569685EDE 12 0 64
C569685FDF 12 0 64
C8656950D0 12 0 64
C8656951D1 12 0 64
C8656952D2 12 0 64
C8656953D3 12 0 64
C8656955D5 12 0 64
C8656956D6 12 0 64
C8656957D7 12 0 64
C8656958D8 12 0 64
C8656959D9 12 0 64
C865695ADA 12 0 64
C865695BDB 12 0 64
C865695CDC 12 0 64
C865695DDD 12 0 64
C865695EDE 12 0 64
C865695FDF 12 0 64
C8696550D0 12 0 64
C8696551D1 12 0 64
C8696552D2 12 0 64
C8696553D3 12 0 64
C8696555D5 12 0 64
C8696556D6 12 0 64
C8696557D7 12 0 64
C8696558D8 12 0 64
C8696559D9 12 0 64
C869655ADA 12 0 64
C869655BDB 12 0 64
C869655CDC 12 0 64
C869655DDD 12 0 64
C869655EDE 12 0 64
C869655FDF 12 0 64
C9656850D0 12 0 64
C9656851D1 12 0 64
C9656852D2 12 0 64
C9656853D3 12 0 64
C9656855D5 12 0 64
C9656856D6 12 0 64
C9656857D7 12 0 64
C9656858D8 12 0 64
C9656859D9 12 0 64
C965685ADA 12 0 64
C965685BDB 12 0 64
C965685CDC 12 0 64
C965685DDD 12 0 64
C965685EDE 12 0 64
C965685FDF 12 0 64
C9686550D0 12 0 64
C9686551D1 12 0 64
C9686552D2 12 0 64
C9686553D3 12 0 64
C9686555D5 12 0 64
C9686556D6 12 0 64
C9686557D7 12 0 64
C9686558D8 12 0 64
C9686559D9 12 0 64
C968655ADA 12 0 64
C968655BDB 12 0 64
C968655CDC 12 0 64
C968655DDD 12 0 64
C968655EDE 12 0 64
C968655FDF 12 0 64
EA69A05FA1 4 0 64
EB6AA05FA1 3 0 64
EC6BA05FA1 2 0 64
ED6CA05FA1 1 0 64
