# program outputs_at_2+2+2 halts steps   (proven on all 16,777,216 triples)
45676950D0 12 0 64
45676951D1 12 0 64
45676952D2 12 0 64
45676953D3 12 0 64
45676955D5 12 0 64
45676956D6 12 0 64
45676957D7 12 0 64
45676958D8 12 0 64
45676959D9 12 0 64
4567695ADA 12 0 64
4567695BDB 12 0 64
4567695CDC 12 0 64
4567695DDD 12 0 64
4567695EDE 12 0 64
4567695FDF 12 0 64
45696750D0 12 0 64
45696751D1 12 0 64
45696752D2 12 0 64
45696753D3 12 0 64
45696755D5 12 0 64
45696756D6 12 0 64
45696757D7 12 0 64
45696758D8 12 0 64
45696759D9 12 0 64
4569675ADA 12 0 64
4569675BDB 12 0 64
4569675CDC 12 0 64
4569675DDD 12 0 64
4569675EDE 12 0 64
4569675FDF 12 0 64
47656950D0 12 0 64
47656951D1 12 0 64
47656952D2 12 0 64
47656953D3 12 0 64
47656955D5 12 0 64
47656956D6 12 0 64
47656957D7 12 0 64
47656958D8 12 0 64
47656959D9 12 0 64
4765695ADA 12 0 64
4765695BDB 12 0 64
4765695CDC 12 0 64
4765695DDD 12 0 64
4765695EDE 12 0 64
4765695FDF 12 0 64
47696550D0 12 0 64
47696551D1 12 0 64
47696552D2 12 0 64
47696553D3 12 0 64
47696555D5 12 0 64
47696556D6 12 0 64
47696557D7 12 0 64
47696558D8 12 0 64
47696559D9 12 0 64
4769655ADA 12 0 64
4769655BDB 12 0 64
4769655CDC 12 0 64
4769655DDD 12 0 64
4769655EDE 12 0 64
4769655FDF 12 0 64
49656750D0 12 0 64
49656751D1 12 0 64
49656752D2 12 0 64
49656753D3 12 0 64
49656755D5 12 0 64
49656756D6 12 0 64
49656757D7 12 0 64
49656758D8 12 0 64
49656759D9 12 0 64
4965675ADA 12 0 64
4965675BDB 12 0 64
4965675CDC 12 0 64
4965675DDD 12 0 64
4965675EDE 12 0 64
4965675FDF 12 0 64
49676550D0 12 0 64
49676551D1 12 0 64
49676552D2 12 0 64
49676553D3 12 0 64
49676555D5 12 0 64
49676556D6 12 0 64
49676557D7 12 0 64
49676558D8 12 0 64
49676559D9 12 0 64
4967655ADA 12 0 64
4967655BDB 12 0 64
4967655CDC 12 0 64
4967655DDD 12 0 64
4967655EDE 12 0 64
4967655FDF 12 0 64
65676950D0 12 0 64
65676951D1 12 0 64
65676952D2 12 0 64
65676953D3 12 0 64
65676955D5 12 0 64
65676956D6 12 0 64
65676957D7 12 0 64
65676958D8 12 0 64
65676959D9 12 0 64
6567695ADA 12 0 64
6567695BDB 12 0 64
6567695CDC 12 0 64
6567695DDD 12 0 64
6567695EDE 12 0 64
6567695FDF 12 0 64
65696750D0 12 0 64
65696751D1 12 0 64
65696752D2 12 0 64
65696753D3 12 0 64
65696755D5 12 0 64
65696756D6 12 0 64
65696757D7 12 0 64
65696758D8 12 0 64
65696759D9 12 0 64
6569675ADA 12 0 64
6569675BDB 12 0 64
6569675CDC 12 0 64
6569675DDD 12 0 64
6569675EDE 12 0 64
6569675FDF 12 0 64
67656950D0 12 0 64
67656951D1 12 0 64
67656952D2 12 0 64
67656953D3 12 0 64
67656955D5 12 0 64
67656956D6 12 0 64
67656957D7 12 0 64
67656958D8 12 0 64
67656959D9 12 0 64
6765695ADA 12 0 64
6765695BDB 12 0 64
6765695CDC 12 0 64
6765695DDD 12 0 64
6765695EDE 12 0 64
6765695FDF 12 0 64
67696550D0 12 0 64
67696551D1 12 0 64
67696552D2 12 0 64
67696553D3 12 0 64
67696555D5 12 0 64
67696556D6 12 0 64
67696557D7 12 0 64
67696558D8 12 0 64
67696559D9 12 0 64
6769655ADA 12 0 64
6769655BDB 12 0 64
6769655CDC 12 0 64
6769655DDD 12 0 64
6769655EDE 12 0 64
6769655FDF 12 0 64
67A069A4E3 9 0 64
67A069E2A3 10 0 64
69656750D0 12 0 64
69656751D1 12 0 64
69656752D2 12 0 64
69656753D3 12 0 64
69656755D5 12 0 64
69656756D6 12 0 64
69656757D7 12 0 64
69656758D8 12 0 64
69656759D9 12 0 64
6965675ADA 12 0 64
6965675BDB 12 0 64
6965675CDC 12 0 64
6965675DDD 12 0 64
6965675EDE 12 0 64
6965675FDF 12 0 64
69676550D0 12 0 64
69676551D1 12 0 64
69676552D2 12 0 64
69676553D3 12 0 64
69676555D5 12 0 64
69676556D6 12 0 64
69676557D7 12 0 64
69676558D8 12 0 64
69676559D9 12 0 64
6967655ADA 12 0 64
6967655BDB 12 0 64
6967655CDC 12 0 64
6967655DDD 12 0 64
6967655EDE 12 0 64
6967655FDF 12 0 64
69A059A4E4 7 0 64
69A05BA0E2 9 0 64
69A05CE2A0 10 0 64
69A05DA4E4 7 0 64
69A05F5BE3 8 0 64
69A065A4E3 9 0 64
69A065E2A3 10 0 64
69A066A4E4 7 0 64
69A068A4E4 7 0 64
69A06EA4E4 7 0 64
69A092E2A4 8 0 64
69A093E1A4 8 0 64
69A094E2A1 8 0 64
69A099A4E4 7 0 64
69A09AE2A4 9 0 64
69A0A393E3 7 0 64
69A0A3A5E4 7 0 64
69A0A466E4 7 0 64
69A0A499E4 7 0 64
69A0A4A3E4 7 0 64
69A0A4A4E5 7 0 64
69A0A4CFE4 7 0 64
69A0A9A4E4 7 0 64
69A0CFA4E4 7 0 64
69A0E45DA2 8 0 64
69A1A0E2A4 9 0 64
69A1A4A0E4 7 0 64
69A2F0A0A2 4 0 64
69A3A0E3A0 9 0 64
69A4A0A0E3 8 0 64
69E9A0A15E 5 0 64
69EBA0A15E 3 0 64
6AA05FA4E4 7 0 64
6AA09AE2A4 9 0 64
6AA0A36DE3 6 0 64
6AA0A465E4 7 0 64
6AA1A3E3A0 9 0 64
6AA1A465E4 7 0 64
6AA1A4A0E3 8 0 64
6AA4A05FE4 7 0 64
6AEAA0A15E 4 0 64
6AECA0A15E 2 0 64
6BA0A3E3A0 9 0 64
6BA0A465E4 7 0 64
6BA0A4A0E3 8 0 64
6BA1A45FE4 7 0 64
6BEBA0A15E 3 0 64
6BEDA0A15E 1 0 64
6CA0A45FE4 7 0 64
6CECA0A15E 2 0 64
6DEDA0A15E 1 0 64
72D5926555 1 0 64
72D5936455 1 0 64
7350D09365 2 0 64
7350D09464 2 0 64
7351D19365 2 0 64
7351D19464 2 0 64
7353D39365 6 0 64
7353D39464 6 0 64
7354D49365 1 0 64
7354D49464 1 0 64
7355D59365 2 0 64
7355D59464 2 0 64
7356D69365 2 0 64
7356D69464 2 0 64
7357D79365 2 0 64
7357D79464 2 0 64
7358D89365 2 0 64
7358D89464 2 0 64
7359D99365 2 0 64
7359D99464 2 0 64
735ADA9365 2 0 64
735ADA9464 2 0 64
735BDB9365 2 0 64
735BDB9464 2 0 64
735CDC9365 2 0 64
735CDC9464 2 0 64
735DDD9365 2 0 64
735DDD9464 2 0 64
735EDE9365 2 0 64
735EDE9464 2 0 64
735FDF9365 2 0 64
735FDF9464 2 0 64
77D5926555 1 0 64
77D5936455 1 0 64
7850D09365 2 0 64
7850D09464 2 0 64
7851D19365 2 0 64
7851D19464 2 0 64
7853D39365 6 0 64
7853D39464 6 0 64
7854D49365 1 0 64
7854D49464 1 0 64
7855D59365 2 0 64
7855D59464 2 0 64
7856D69365 2 0 64
7856D69464 2 0 64
7857D79365 2 0 64
7857D79464 2 0 64
7858D89365 2 0 64
7858D89464 2 0 64
7859D99365 2 0 64
7859D99464 2 0 64
785ADA9365 2 0 64
785ADA9464 2 0 64
785BDB9365 2 0 64
785BDB9464 2 0 64
785CDC9365 2 0 64
785CDC9464 2 0 64
785DDD9365 2 0 64
785DDD9464 2 0 64
785EDE9365 2 0 64
785EDE9464 2 0 64
785FDF9365 2 0 64
785FDF9464 2 0 64
7CD5926555 1 0 64
7CD5936455 1 0 64
7D50D09365 2 0 64
7D50D09464 2 0 64
7D51D19365 2 0 64
7D51D19464 2 0 64
7D53D39365 6 0 64
7D53D39464 6 0 64
7D54D49365 1 0 64
7D54D49464 1 0 64
7D55D59365 2 0 64
7D55D59464 2 0 64
7D56D69365 2 0 64
7D56D69464 2 0 64
7D57D79365 2 0 64
7D57D79464 2 0 64
7D58D89365 2 0 64
7D58D89464 2 0 64
7D59D99365 2 0 64
7D59D99464 2 0 64
7D5ADA9365 2 0 64
7D5ADA9464 2 0 64
7D5BDB9365 2 0 64
7D5BDB9464 2 0 64
7D5CDC9365 2 0 64
7D5CDC9464 2 0 64
7D5DDD9365 2 0 64
7D5DDD9464 2 0 64
7D5EDE9365 2 0 64
7D5EDE9464 2 0 64
7D5FDF9365 2 0 64
7D5FDF9464 2 0 64
A2EB6AA15E 3 0 64
A2EC6BA15E 2 0 64
A2ED6CA15E 1 0 64
A35EE16DA4 7 0 64
A35EE16EA3 7 0 64
A35FE16AA3 9 0 64
A3A1E16BA4 8 0 64
A3A1E16CA3 8 0 64
A45EA4E16F 7 0 64
A45EE1A46D 5 0 64
A45FA4E16B 9 0 64
A4A0E16AA5 8 0 64
A4A0E16BA4 8 0 64
A4A1A4E16D 8 0 64
A4A1E1A46B 6 0 64
A9E25F6AA4 1 0 64
A9E25F6BA3 1 0 64
C5676950D0 12 0 64
C5676951D1 12 0 64
C5676952D2 12 0 64
C5676953D3 12 0 64
C5676955D5 12 0 64
C5676956D6 12 0 64
C5676957D7 12 0 64
C5676958D8 12 0 64
C5676959D9 12 0 64
C567695ADA 12 0 64
C567695BDB 12 0 64
C567695CDC 12 0 64
C567695DDD 12 0 64
C567695EDE 12 0 64
C567695FDF 12 0 64
C5696750D0 12 0 64
C5696751D1 12 0 64
C5696752D2 12 0 64
C5696753D3 12 0 64
C5696755D5 12 0 64
C5696756D6 12 0 64
C5696757D7 12 0 64
C5696758D8 12 0 64
C5696759D9 12 0 64
C569675ADA 12 0 64
C569675BDB 12 0 64
C569675CDC 12 0 64
C569675DDD 12 0 64
C569675EDE 12 0 64
C569675FDF 12 0 64
C7656950D0 12 0 64
C7656951D1 12 0 64
C7656952D2 12 0 64
C7656953D3 12 0 64
C7656955D5 12 0 64
C7656956D6 12 0 64
C7656957D7 12 0 64
C7656958D8 12 0 64
C7656959D9 12 0 64
C765695ADA 12 0 64
C765695BDB 12 0 64
C765695CDC 12 0 64
C765695DDD 12 0 64
C765695EDE 12 0 64
C765695FDF 12 0 64
C7696550D0 12 0 64
C7696551D1 12 0 64
C7696552D2 12 0 64
C7696553D3 12 0 64
C7696555D5 12 0 64
C7696556D6 12 0 64
C7696557D7 12 0 64
C7696558D8 12 0 64
C7696559D9 12 0 64
C769655ADA 12 0 64
C769655BDB 12 0 64
C769655CDC 12 0 64
C769655DDD 12 0 64
C769655EDE 12 0 64
C769655FDF 12 0 64
C9656750D0 12 0 64
C9656751D1 12 0 64
C9656752D2 12 0 64
C9656753D3 12 0 64
C9656755D5 12 0 64
C9656756D6 12 0 64
C9656757D7 12 0 64
C9656758D8 12 0 64
C9656759D9 12 0 64
C965675ADA 12 0 64
C965675BDB 12 0 64
C965675CDC 12 0 64
C965675DDD 12 0 64
C965675EDE 12 0 64
C965675FDF 12 0 64
C9676550D0 12 0 64
C9676551D1 12 0 64
C9676552D2 12 0 64
C9676553D3 12 0 64
C9676555D5 12 0 64
C9676556D6 12 0 64
C9676557D7 12 0 64
C9676558D8 12 0 64
C9676559D9 12 0 64
C967655ADA 12 0 64
C967655BDB 12 0 64
C967655CDC 12 0 64
C967655DDD 12 0 64
C967655EDE 12 0 64
C967655FDF 12 0 64
EA69A05FA1 4 0 64
EB6AA05FA1 3 0 64
EC6BA05FA1 2 0 64
ED6CA05FA1 1 0 64
