# program outputs_at_2+2+2 halts steps   (proven on all 16,777,216 triples)
45666850D0 12 0 64
45666851D1 12 0 64
45666852D2 12 0 64
45666853D3 12 0 64
45666855D5 12 0 64
45666856D6 12 0 64
45666857D7 12 0 64
45666858D8 12 0 64
45666859D9 12 0 64
4566685ADA 12 0 64
4566685BDB 12 0 64
4566685CDC 12 0 64
4566685DDD 12 0 64
4566685EDE 12 0 64
4566685FDF 12 0 64
45686650D0 12 0 64
45686651D1 12 0 64
45686652D2 12 0 64
45686653D3 12 0 64
45686655D5 12 0 64
45686656D6 12 0 64
45686657D7 12 0 64
45686658D8 12 0 64
45686659D9 12 0 64
4568665ADA 12 0 64
4568665BDB 12 0 64
4568665CDC 12 0 64
4568665DDD 12 0 64
4568665EDE 12 0 64
4568665FDF 12 0 64
46656850D0 12 0 64
46656851D1 12 0 64
46656852D2 12 0 64
46656853D3 12 0 64
46656855D5 12 0 64
46656856D6 12 0 64
46656857D7 12 0 64
46656858D8 12 0 64
46656859D9 12 0 64
4665685ADA 12 0 64
4665685BDB 12 0 64
4665685CDC 12 0 64
4665685DDD 12 0 64
4665685EDE 12 0 64
4665685FDF 12 0 64
46686550D0 12 0 64
46686551D1 12 0 64
46686552D2 12 0 64
46686553D3 12 0 64
46686555D5 12 0 64
46686556D6 12 0 64
46686557D7 12 0 64
46686558D8 12 0 64
46686559D9 12 0 64
4668655ADA 12 0 64
4668655BDB 12 0 64
4668655CDC 12 0 64
4668655DDD 12 0 64
4668655EDE 12 0 64
4668655FDF 12 0 64
48656650D0 12 0 64
48656651D1 12 0 64
48656652D2 12 0 64
48656653D3 12 0 64
48656655D5 12 0 64
48656656D6 12 0 64
48656657D7 12 0 64
48656658D8 12 0 64
48656659D9 12 0 64
4865665ADA 12 0 64
4865665BDB 12 0 64
4865665CDC 12 0 64
4865665DDD 12 0 64
4865665EDE 12 0 64
4865665FDF 12 0 64
48666550D0 12 0 64
48666551D1 12 0 64
48666552D2 12 0 64
48666553D3 12 0 64
48666555D5 12 0 64
48666556D6 12 0 64
48666557D7 12 0 64
48666558D8 12 0 64
48666559D9 12 0 64
4866655ADA 12 0 64
4866655BDB 12 0 64
4866655CDC 12 0 64
4866655DDD 12 0 64
4866655EDE 12 0 64
4866655FDF 12 0 64
5B68A1A4E4 7 0 64
5F6591A4E4 7 0 64
5F68A1A4E4 7 0 64
655F90A4E4 6 0 64
65666850D0 12 0 64
65666851D1 12 0 64
65666852D2 12 0 64
65666853D3 12 0 64
65666855D5 12 0 64
65666856D6 12 0 64
65666857D7 12 0 64
65666858D8 12 0 64
65666859D9 12 0 64
6566685ADA 12 0 64
6566685BDB 12 0 64
6566685CDC 12 0 64
6566685DDD 12 0 64
6566685EDE 12 0 64
6566685FDF 12 0 64
65686650D0 12 0 64
65686651D1 12 0 64
65686652D2 12 0 64
65686653D3 12 0 64
65686655D5 12 0 64
65686656D6 12 0 64
65686657D7 12 0 64
65686658D8 12 0 64
65686659D9 12 0 64
6568665ADA 12 0 64
6568665BDB 12 0 64
6568665CDC 12 0 64
6568665DDD 12 0 64
6568665EDE 12 0 64
6568665FDF 12 0 64
65E55E90A1 7 0 64
66656850D0 12 0 64
66656851D1 12 0 64
66656852D2 12 0 64
66656853D3 12 0 64
66656855D5 12 0 64
66656856D6 12 0 64
66656857D7 12 0 64
66656858D8 12 0 64
66656859D9 12 0 64
6665685ADA 12 0 64
6665685BDB 12 0 64
6665685CDC 12 0 64
6665685DDD 12 0 64
6665685EDE 12 0 64
6665685FDF 12 0 64
66686550D0 12 0 64
66686551D1 12 0 64
66686552D2 12 0 64
66686553D3 12 0 64
66686555D5 12 0 64
66686556D6 12 0 64
66686557D7 12 0 64
66686558D8 12 0 64
66686559D9 12 0 64
6668655ADA 12 0 64
6668655BDB 12 0 64
6668655CDC 12 0 64
6668655DDD 12 0 64
6668655EDE 12 0 64
6668655FDF 12 0 64
66A068E1A4 10 0 64
66A0E1A368 10 0 64
67A068A4E3 9 0 64
67A068E2A3 10 0 64
6820A0A4E4 16 0 64
685DA0A4E4 7 0 64
68656650D0 12 0 64
68656651D1 12 0 64
68656652D2 12 0 64
68656653D3 12 0 64
68656655D5 12 0 64
68656656D6 12 0 64
68656657D7 12 0 64
68656658D8 12 0 64
68656659D9 12 0 64
6865665ADA 12 0 64
6865665BDB 12 0 64
6865665CDC 12 0 64
6865665DDD 12 0 64
6865665EDE 12 0 64
6865665FDF 12 0 64
68666550D0 12 0 64
68666551D1 12 0 64
68666552D2 12 0 64
68666553D3 12 0 64
68666555D5 12 0 64
68666556D6 12 0 64
68666557D7 12 0 64
68666558D8 12 0 64
68666559D9 12 0 64
6866655ADA 12 0 64
6866655BDB 12 0 64
6866655CDC 12 0 64
6866655DDD 12 0 64
6866655EDE 12 0 64
6866655FDF 12 0 64
686DA0A4E4 7 0 64
6882A0A4E4 10 0 64
6887A0A4E4 10 0 64
688CA0A4E4 10 0 64
68A030E2A4 9 0 64
68A0585BE3 8 0 64
68A058E2A4 9 0 64
68A0595BE3 8 0 64
68A05D5BE3 8 0 64
68A05DE2A4 9 0 64
68A065A4E3 9 0 64
68A065E2A3 10 0 64
68A0675BE3 8 0 64
68A067E2A4 9 0 64
68A0695BE3 8 0 64
68A06AE2A2 9 0 64
68A06BA4E3 8 0 64
68A06CE2A3 9 0 64
68A06DE2A4 9 0 64
68A06E5BE3 8 0 64
68A0985BE3 8 0 64
68A098E2A4 9 0 64
68A0A0A4E3 9 0 64
68A0A0E2A3 10 0 64
68A0A35BE3 8 0 64
68A0A3E300 9 0 64
68A0A3E301 9 0 64
68A0A3E302 9 0 64
68A0A3E303 9 0 64
68A0A3E304 9 0 64
68A0A3E305 9 0 64
68A0A3E306 9 0 64
68A0A3E307 9 0 64
68A0A3E308 9 0 64
68A0A3E309 9 0 64
68A0A3E30A 9 0 64
68A0A3E30B 9 0 64
68A0A3E30C 9 0 64
68A0A3E30D 9 0 64
68A0A3E30E 9 0 64
68A0A3E30F 9 0 64
68A0A3E320 9 0 64
68A0A3E330 9 0 64
68A0A3E358 9 0 64
68A0A3E359 9 0 64
68A0A3E35A 9 0 64
68A0A3E35B 9 0 64
68A0A3E35C 9 0 64
68A0A3E35D 9 0 64
68A0A3E35E 9 0 64
68A0A3E35F 9 0 64
68A0A3E367 9 0 64
68A0A3E369 9 0 64
68A0A3E36A 9 0 64
68A0A3E36B 9 0 64
68A0A3E36D 9 0 64
68A0A3E36E 9 0 64
68A0A3E370 9 0 64
68A0A3E375 9 0 64
68A0A3E37A 9 0 64
68A0A3E37F 9 0 64
68A0A3E380 9 0 64
68A0A3E385 9 0 64
68A0A3E38A 9 0 64
68A0A3E38F 9 0 64
68A0A3E398 9 0 64
68A0A3E399 9 0 64
68A0A3E39A 9 0 64
68A0A3E39B 9 0 64
68A0A3E39C 9 0 64
68A0A3E39D 9 0 64
68A0A3E39E 9 0 64
68A0A3E39F 9 0 64
68A0A3E3A8 9 0 64
68A0A3E3A9 9 0 64
68A0A3E3AA 9 0 64
68A0A3E3AB 9 0 64
68A0A3E3AC 9 0 64
68A0A3E3AD 9 0 64
68A0A3E3AE 9 0 64
68A0A3E3AF 9 0 64
68A0A3E3B0 9 0 64
68A0A3E3B8 9 0 64
68A0A3E3C7 9 0 64
68A0A3E3C9 9 0 64
68A0A3E3CA 9 0 64
68A0A3E3CB 9 0 64
68A0A3E3CD 9 0 64
68A0A3E3CE 9 0 64
68A0A3E3E6 9 0 64
68A0A3E3E8 9 0 64
68A0A3E3E9 9 0 64
68A0A3E3EA 9 0 64
68A0A3E3EB 9 0 64
68A0A3E3EC 9 0 64
68A0A3E3ED 9 0 64
68A0A3E3EE 9 0 64
68A0A3E3EF 9 0 64
68A0A3E55C 9 0 64
68A0A400E3 8 0 64
68A0A401E3 8 0 64
68A0A402E3 8 0 64
68A0A403E3 8 0 64
68A0A404E3 8 0 64
68A0A405E3 8 0 64
68A0A406E3 8 0 64
68A0A407E3 8 0 64
68A0A408E3 8 0 64
68A0A409E3 8 0 64
68A0A40AE3 8 0 64
68A0A40BE3 8 0 64
68A0A40CE3 8 0 64
68A0A40DE3 8 0 64
68A0A40EE3 8 0 64
68A0A40FE3 8 0 64
68A0A420E3 8 0 64
68A0A430E3 8 0 64
68A0A458E3 8 0 64
68A0A459E3 8 0 64
68A0A45AE3 8 0 64
68A0A45BE3 8 0 64
68A0A45CE3 8 0 64
68A0A45DE3 8 0 64
68A0A45EE3 8 0 64
68A0A45FE3 8 0 64
68A0A467E3 8 0 64
68A0A469E3 8 0 64
68A0A46AE3 8 0 64
68A0A46CE3 8 0 64
68A0A46DE3 8 0 64
68A0A46EE3 8 0 64
68A0A474E3 8 0 64
68A0A479E3 8 0 64
68A0A47EE3 8 0 64
68A0A484E3 8 0 64
68A0A489E3 8 0 64
68A0A48EE3 8 0 64
68A0A491E4 7 0 64
68A0A498E3 8 0 64
68A0A499E3 8 0 64
68A0A49AE3 8 0 64
68A0A49BE3 8 0 64
68A0A49CE3 8 0 64
68A0A49DE3 8 0 64
68A0A49EE3 8 0 64
68A0A4A8E3 8 0 64
68A0A4A9E3 8 0 64
68A0A4AAE3 8 0 64
68A0A4ABE3 8 0 64
68A0A4ACE3 8 0 64
68A0A4ADE3 8 0 64
68A0A4AEE3 8 0 64
68A0A4B0E3 8 0 64
68A0A4B8E3 8 0 64
68A0A4C7E3 8 0 64
68A0A4C9E3 8 0 64
68A0A4CAE3 8 0 64
68A0A4CCE3 8 0 64
68A0A4CDE3 8 0 64
68A0A4CEE3 8 0 64
68A0A4E6E3 8 0 64
68A0A4E8E3 8 0 64
68A0A4E9E3 8 0 64
68A0A4EAE3 8 0 64
68A0A4EBE3 8 0 64
68A0A4ECE3 8 0 64
68A0A4EDE3 8 0 64
68A0A4EEE3 8 0 64
68A0A85BE3 8 0 64
68A0A8E2A4 9 0 64
68A0A95BE3 8 0 64
68A0CF5BE3 8 0 64
68A0E45D5D 8 0 64
68A1A447E4 7 0 64
68A1A44FE4 7 0 64
68A2EEA0A2 5 0 64
68A45FA0E4 7 0 64
68B0A0A4E4 7 0 64
68E8A0A15E 6 0 64
68EAA0A15E 4 0 64
69A059A4E4 7 0 64
69A05DA4E4 7 0 64
69A05FE2A4 9 0 64
69A067A4E4 7 0 64
69A069A4E4 7 0 64
69A06B5BE3 7 0 64
69A06EA4E4 7 0 64
69A092E2A4 8 0 64
69A093E1A4 8 0 64
69A094E2A1 8 0 64
69A09AE2A4 9 0 64
69A0A393E3 7 0 64
69A0A3A5E4 7 0 64
69A0A447E4 7 0 64
69A0A44FE4 7 0 64
69A0A457E4 7 0 64
69A0A467E4 7 0 64
69A0A4A3E4 7 0 64
69A0A4A4E5 7 0 64
69A0A4CFE4 7 0 64
69A0A9A4E4 7 0 64
69A0CFA4E4 7 0 64
69A0E45DA2 8 0 64
69A16BA4E4 6 0 64
69A1A05BE3 8 0 64
69A1A36DE3 6 0 64
69A1A465E4 7 0 64
69A1A4A0E4 7 0 64
69A2F0A0A2 4 0 64
69E9A0A15E 5 0 64
69EBA0A15E 3 0 64
6AA06BA4E4 6 0 64
6AA0A05BE3 8 0 64
6AA0A36DE3 6 0 64
6AA0A465E4 7 0 64
6AA0A4A0E4 7 0 64
6AEAA0A15E 4 0 64
6AECA0A15E 2 0 64
6BA1A0A4E4 7 0 64
6BEBA0A15E 3 0 64
6BEDA0A15E 1 0 64
6CA0A0A4E4 7 0 64
6CECA0A15E 2 0 64
6D68A1A4E4 7 0 64
6DEDA0A15E 1 0 64
72D5926555 1 0 64
72D5936455 1 0 64
7350D09365 2 0 64
7350D09464 2 0 64
7351D19365 2 0 64
7351D19464 2 0 64
7353D39365 6 0 64
7353D39464 6 0 64
7354D49365 1 0 64
7354D49464 1 0 64
7355D59365 2 0 64
7355D59464 2 0 64
7356D69365 2 0 64
7356D69464 2 0 64
7357D79365 2 0 64
7357D79464 2 0 64
7358D89365 2 0 64
7358D89464 2 0 64
7359D99365 2 0 64
7359D99464 2 0 64
735ADA9365 2 0 64
735ADA9464 2 0 64
735BDB9365 2 0 64
735BDB9464 2 0 64
735CDC9365 2 0 64
735CDC9464 2 0 64
735DDD9365 2 0 64
735DDD9464 2 0 64
735EDE9365 2 0 64
735EDE9464 2 0 64
735FDF9365 2 0 64
735FDF9464 2 0 64
77D5926555 1 0 64
77D5936455 1 0 64
7850D09365 2 0 64
7850D09464 2 0 64
7851D19365 2 0 64
7851D19464 2 0 64
7853D39365 6 0 64
7853D39464 6 0 64
7854D49365 1 0 64
7854D49464 1 0 64
7855D59365 2 0 64
7855D59464 2 0 64
7856D69365 2 0 64
7856D69464 2 0 64
7857D79365 2 0 64
7857D79464 2 0 64
7858D89365 2 0 64
7858D89464 2 0 64
7859D99365 2 0 64
7859D99464 2 0 64
785ADA9365 2 0 64
785ADA9464 2 0 64
785BDB9365 2 0 64
785BDB9464 2 0 64
785CDC9365 2 0 64
785CDC9464 2 0 64
785DDD9365 2 0 64
785DDD9464 2 0 64
785EDE9365 2 0 64
785EDE9464 2 0 64
785FDF9365 2 0 64
785FDF9464 2 0 64
7CD5926555 1 0 64
7CD5936455 1 0 64
7D50D09365 2 0 64
7D50D09464 2 0 64
7D51D19365 2 0 64
7D51D19464 2 0 64
7D53D39365 6 0 64
7D53D39464 6 0 64
7D54D49365 1 0 64
7D54D49464 1 0 64
7D55D59365 2 0 64
7D55D59464 2 0 64
7D56D69365 2 0 64
7D56D69464 2 0 64
7D57D79365 2 0 64
7D57D79464 2 0 64
7D58D89365 2 0 64
7D58D89464 2 0 64
7D59D99365 2 0 64
7D59D99464 2 0 64
7D5ADA9365 2 0 64
7D5ADA9464 2 0 64
7D5BDB9365 2 0 64
7D5BDB9464 2 0 64
7D5CDC9365 2 0 64
7D5CDC9464 2 0 64
7D5DDD9365 2 0 64
7D5DDD9464 2 0 64
7D5EDE9365 2 0 64
7D5EDE9464 2 0 64
7D5FDF9365 2 0 64
7D5FDF9464 2 0 64
9265A3A0E4 7 0 64
92A45DE269 6 0 64
94A4A065E2 8 0 64
A1695BA4E4 8 0 64
A268A5A0E4 7 0 64
A2EA69A15E 4 0 64
A2EB6AA15E 3 0 64
A2EC6BA15E 2 0 64
A2ED6CA15E 1 0 64
A35FE169A4 9 0 64
A45B5FE269 8 0 64
A45D685FE2 9 0 64
A46D655FE2 8 0 64
A46D9A5FE3 8 0 64
A4A4A068E4 8 0 64
A9E25F6AA4 1 0 64
A9E25F6BA3 1 0 64
C5666850D0 12 0 64
C5666851D1 12 0 64
C5666852D2 12 0 64
C5666853D3 12 0 64
C5666855D5 12 0 64
C5666856D6 12 0 64
C5666857D7 12 0 64
C5666858D8 12 0 64
C5666859D9 12 0 64
C566685ADA 12 0 64
C566685BDB 12 0 64
C566685CDC 12 0 64
C566685DDD 12 0 64
C566685EDE 12 0 64
C566685FDF 12 0 64
C5686650D0 12 0 64
C5686651D1 12 0 64
C5686652D2 12 0 64
C5686653D3 12 0 64
C5686655D5 12 0 64
C5686656D6 12 0 64
C5686657D7 12 0 64
C5686658D8 12 0 64
C5686659D9 12 0 64
C568665ADA 12 0 64
C568665BDB 12 0 64
C568665CDC 12 0 64
C568665DDD 12 0 64
C568665EDE 12 0 64
C568665FDF 12 0 64
C6656850D0 12 0 64
C6656851D1 12 0 64
C6656852D2 12 0 64
C6656853D3 12 0 64
C6656855D5 12 0 64
C6656856D6 12 0 64
C6656857D7 12 0 64
C6656858D8 12 0 64
C6656859D9 12 0 64
C665685ADA 12 0 64
C665685BDB 12 0 64
C665685CDC 12 0 64
C665685DDD 12 0 64
C665685EDE 12 0 64
C665685FDF 12 0 64
C6686550D0 12 0 64
C6686551D1 12 0 64
C6686552D2 12 0 64
C6686553D3 12 0 64
C6686555D5 12 0 64
C6686556D6 12 0 64
C6686557D7 12 0 64
C6686558D8 12 0 64
C6686559D9 12 0 64
C668655ADA 12 0 64
C668655BDB 12 0 64
C668655CDC 12 0 64
C668655DDD 12 0 64
C668655EDE 12 0 64
C668655FDF 12 0 64
C8656650D0 12 0 64
C8656651D1 12 0 64
C8656652D2 12 0 64
C8656653D3 12 0 64
C8656655D5 12 0 64
C8656656D6 12 0 64
C8656657D7 12 0 64
C8656658D8 12 0 64
C8656659D9 12 0 64
C865665ADA 12 0 64
C865665BDB 12 0 64
C865665CDC 12 0 64
C865665DDD 12 0 64
C865665EDE 12 0 64
C865665FDF 12 0 64
C8666550D0 12 0 64
C8666551D1 12 0 64
C8666552D2 12 0 64
C8666553D3 12 0 64
C8666555D5 12 0 64
C8666556D6 12 0 64
C8666557D7 12 0 64
C8666558D8 12 0 64
C8666559D9 12 0 64
C866655ADA 12 0 64
C866655BDB 12 0 64
C866655CDC 12 0 64
C866655DDD 12 0 64
C866655EDE 12 0 64
C866655FDF 12 0 64
E968A05FA1 5 0 64
EA68A163A0 2 0 64
EA69A05FA1 4 0 64
EB6AA05FA1 3 0 64
EC6BA05FA1 2 0 64
ED60A068A3 1 0 64
ED6CA05FA1 1 0 64
