# program outputs_at_2+2+2 halts steps   (proven on all 16,777,216 triples)
47686950D0 12 0 64
47686951D1 12 0 64
47686952D2 12 0 64
47686953D3 12 0 64
47686955D5 12 0 64
47686956D6 12 0 64
47686957D7 12 0 64
47686958D8 12 0 64
47686959D9 12 0 64
4768695ADA 12 0 64
4768695BDB 12 0 64
4768695CDC 12 0 64
4768695DDD 12 0 64
4768695EDE 12 0 64
4768695FDF 12 0 64
47696850D0 12 0 64
47696851D1 12 0 64
47696852D2 12 0 64
47696853D3 12 0 64
47696855D5 12 0 64
47696856D6 12 0 64
47696857D7 12 0 64
47696858D8 12 0 64
47696859D9 12 0 64
4769685ADA 12 0 64
4769685BDB 12 0 64
4769685CDC 12 0 64
4769685DDD 12 0 64
4769685EDE 12 0 64
4769685FDF 12 0 64
48676950D0 12 0 64
48676951D1 12 0 64
48676952D2 12 0 64
48676953D3 12 0 64
48676955D5 12 0 64
48676956D6 12 0 64
48676957D7 12 0 64
48676958D8 12 0 64
48676959D9 12 0 64
4867695ADA 12 0 64
4867695BDB 12 0 64
4867695CDC 12 0 64
4867695DDD 12 0 64
4867695EDE 12 0 64
4867695FDF 12 0 64
48696750D0 12 0 64
48696751D1 12 0 64
48696752D2 12 0 64
48696753D3 12 0 64
48696755D5 12 0 64
48696756D6 12 0 64
48696757D7 12 0 64
48696758D8 12 0 64
48696759D9 12 0 64
4869675ADA 12 0 64
4869675BDB 12 0 64
4869675CDC 12 0 64
4869675DDD 12 0 64
4869675EDE 12 0 64
4869675FDF 12 0 64
49676850D0 12 0 64
49676851D1 12 0 64
49676852D2 12 0 64
49676853D3 12 0 64
49676855D5 12 0 64
49676856D6 12 0 64
49676857D7 12 0 64
49676858D8 12 0 64
49676859D9 12 0 64
4967685ADA 12 0 64
4967685BDB 12 0 64
4967685CDC 12 0 64
4967685DDD 12 0 64
4967685EDE 12 0 64
4967685FDF 12 0 64
49686750D0 12 0 64
49686751D1 12 0 64
49686752D2 12 0 64
49686753D3 12 0 64
49686755D5 12 0 64
49686756D6 12 0 64
49686757D7 12 0 64
49686758D8 12 0 64
49686759D9 12 0 64
4968675ADA 12 0 64
4968675BDB 12 0 64
4968675CDC 12 0 64
4968675DDD 12 0 64
4968675EDE 12 0 64
4968675FDF 12 0 64
5573D59365 1 0 64
5573D59366 1 0 64
5573D59367 1 0 64
5573D59464 1 0 64
5573D59465 1 0 64
5573D59466 1 0 64
5578D59365 1 0 64
5578D59366 1 0 64
5578D59367 1 0 64
5578D59464 1 0 64
5578D59465 1 0 64
5578D59466 1 0 64
557DD59365 1 0 64
557DD59366 1 0 64
557DD59367 1 0 64
557DD59464 1 0 64
557DD59465 1 0 64
557DD59466 1 0 64
5673D69365 1 0 64
5673D69366 1 0 64
5673D69367 1 0 64
5673D69464 1 0 64
5673D69465 1 0 64
5673D69466 1 0 64
5678D69365 1 0 64
5678D69366 1 0 64
5678D69367 1 0 64
5678D69464 1 0 64
5678D69465 1 0 64
5678D69466 1 0 64
567DD69365 1 0 64
567DD69366 1 0 64
567DD69367 1 0 64
567DD69464 1 0 64
567DD69465 1 0 64
567DD69466 1 0 64
5B69A15BE3 8 0 64
5B69A1A4E4 7 0 64
5B6AA1A4E4 7 0 64
5CA45DE26A 6 0 64
5D5FA5E069 10 0 64
5DE0675FE2 4 0 64
5E676DE0E1 3 0 64
5EA4E06960 10 0 64
5EA55FE069 10 0 64
5F6691A4E4 7 0 64
5F67915BE3 8 0 64
5F6791A4E4 7 0 64
5F67A3E391 9 0 64
5F67A491E3 8 0 64
5F67E1E45E 2 0 64
5F69A15BE3 8 0 64
5F69A1A4E4 7 0 64
5F69A3E3A1 9 0 64
5F69A4A1E3 8 0 64
5F6AA1A4E4 7 0 64
5F9167A4E4 7 0 64
5F9266A4E4 7 0 64
5F93A466E3 8 0 64
5F9469E1A1 9 0 64
5F94A3E366 9 0 64
5FA26AA4E4 7 0 64
5FA35BE369 9 0 64
5FA36BE367 10 0 64
5FA3A46AE3 8 0 64
5FA3A496E4 7 0 64
5FA45C69E3 8 0 64
5FA45C96E4 7 0 64
5FA45DE26A 6 0 64
5FA46C67E3 5 0 64
5FA4A3E36A 9 0 64
5FA4E169A4 9 0 64
665F90A4E4 5 0 64
66A55D90E2 5 0 64
66A65E90E2 5 0 64
66E55E90A1 7 0 64
66E65E90A1 6 0 64
6701E0E45F 2 0 64
6702E0E45F 2 0 64
6703E0E45F 2 0 64
6704E0E45F 2 0 64
6705E0E45F 2 0 64
6706E0E45F 2 0 64
6707E0E45F 2 0 64
6708E0E45F 2 0 64
6709E0E45F 2 0 64
670AE0E45F 2 0 64
670BE0E45F 2 0 64
670CE0E45F 2 0 64
670DE0E45F 2 0 64
670EE0E45F 2 0 64
670FE0E45F 2 0 64
6720E0E45F 2 0 64
6730E0E45F 2 0 64
6756E0E45F 2 0 64
6757E0E45F 2 0 64
675AE0E45F 2 0 64
675BE0E45F 2 0 64
675CE0E45F 2 0 64
675DE0E45F 2 0 64
675E90E1A4 10 0 64
675EE0E45F 2 0 64
675EE1A390 10 0 64
675F905BE3 5 0 64
675F90A4E4 4 0 64
675FA3E390 9 0 64
675FA490E3 8 0 64
675FE0E45F 2 0 64
67686950D0 12 0 64
67686951D1 12 0 64
67686952D2 12 0 64
67686953D3 12 0 64
67686955D5 12 0 64
67686956D6 12 0 64
67686957D7 12 0 64
67686958D8 12 0 64
67686959D9 12 0 64
6768695ADA 12 0 64
6768695BDB 12 0 64
6768695CDC 12 0 64
6768695DDD 12 0 64
6768695EDE 12 0 64
6768695FDF 12 0 64
67696850D0 12 0 64
67696851D1 12 0 64
67696852D2 12 0 64
67696853D3 12 0 64
67696855D5 12 0 64
67696856D6 12 0 64
67696857D7 12 0 64
67696858D8 12 0 64
67696859D9 12 0 64
6769685ADA 12 0 64
6769685BDB 12 0 64
6769685CDC 12 0 64
6769685DDD 12 0 64
6769685EDE 12 0 64
6769685FDF 12 0 64
676AE0E45F 2 0 64
676BE0E45F 2 0 64
676CE0E45F 2 0 64
676DE0E45F 2 0 64
676EE0E45F 2 0 64
67905FA4E4 7 0 64
6795E0E45F 2 0 64
6796E0E45F 2 0 64
6797E0E45F 2 0 64
679AE0E45F 2 0 64
679BE0E45F 2 0 64
679CE0E45F 2 0 64
679DE0E45F 2 0 64
679EE0E45F 2 0 64
67A2E25F90 10 0 64
67A2E2905F 10 0 64
67A35FE290 10 0 64
67A390E25F 10 0 64
67A45F90E2 9 0 64
67A4905FE2 9 0 64
67A5A290E2 6 0 64
67A5E0E45F 2 0 64
67A6905EE3 4 0 64
67A6A190E2 6 0 64
67A6E0E45F 2 0 64
67A7E0E45F 2 0 64
67AAE0E45F 2 0 64
67ABE0E45F 2 0 64
67ACE0E45F 2 0 64
67ADE0E45F 2 0 64
67AEE0E45F 2 0 64
67B4E0E45F 2 0 64
67B8E0E45F 2 0 64
67BCE0E45F 2 0 64
67C1E0E45F 2 0 64
67C2E0E45F 2 0 64
67C3E0E45F 2 0 64
67C8E0E45F 2 0 64
67C9E0E45F 2 0 64
67CAE0E45F 2 0 64
67CBE0E45F 2 0 64
67CCE0E45F 2 0 64
67CDE0E45F 2 0 64
67CEE0E45F 2 0 64
67CFE0E45F 2 0 64
67E000E45F 4 0 64
67E001E45F 4 0 64
67E002E45F 4 0 64
67E003E45F 4 0 64
67E004E45F 4 0 64
67E005E45F 4 0 64
67E006E45F 4 0 64
67E007E45F 4 0 64
67E008E45F 4 0 64
67E009E45F 4 0 64
67E00AE45F 4 0 64
67E00BE45F 4 0 64
67E00CE45F 4 0 64
67E00DE45F 4 0 64
67E00EE45F 4 0 64
67E00FE45F 4 0 64
67E020E45F 4 0 64
67E030E45F 4 0 64
67E055E45F 4 0 64
67E056E45F 4 0 64
67E057E45F 4 0 64
67E05AE45F 4 0 64
67E05BE45F 4 0 64
67E05CE45F 4 0 64
67E05DE45F 4 0 64
67E05EE45F 4 0 64
67E05FE45F 4 0 64
67E060E45F 4 0 64
67E06AE45F 4 0 64
67E06BE45F 4 0 64
67E06CE45F 4 0 64
67E06DE45F 4 0 64
67E06EE45F 4 0 64
67E073E45F 4 0 64
67E078E45F 4 0 64
67E07DE45F 4 0 64
67E083E45F 4 0 64
67E088E45F 4 0 64
67E08DE45F 4 0 64
67E095E45F 4 0 64
67E096E45F 4 0 64
67E097E45F 4 0 64
67E09AE45F 4 0 64
67E09BE45F 4 0 64
67E09CE45F 4 0 64
67E09DE45F 4 0 64
67E09EE45F 4 0 64
67E0A020E2 1 0 64
67E0A05EE2 4 0 64
67E0A0E2A0 7 0 64
67E0A5E45F 4 0 64
67E0A6E45F 4 0 64
67E0A7E45F 4 0 64
67E0AAE45F 4 0 64
67E0ABE45F 4 0 64
67E0ACE45F 4 0 64
67E0ADE45F 4 0 64
67E0AEE45F 4 0 64
67E0B0E45F 4 0 64
67E0B4E45F 4 0 64
67E0B8E45F 4 0 64
67E0BCE45F 4 0 64
67E0C1E45F 4 0 64
67E0C2E45F 4 0 64
67E0C3E45F 4 0 64
67E0C8E45F 4 0 64
67E0C9E45F 4 0 64
67E0CAE45F 4 0 64
67E0CBE45F 4 0 64
67E0CCE45F 4 0 64
67E0CDE45F 4 0 64
67E0CEE45F 4 0 64
67E0CFE45F 4 0 64
67E0E35F00 2 0 64
67E0E35F01 2 0 64
67E0E35F02 2 0 64
67E0E35F03 2 0 64
67E0E35F04 2 0 64
67E0E35F05 2 0 64
67E0E35F06 2 0 64
67E0E35F07 2 0 64
67E0E35F08 2 0 64
67E0E35F09 2 0 64
67E0E35F0A 2 0 64
67E0E35F0B 2 0 64
67E0E35F0C 2 0 64
67E0E35F0D 2 0 64
67E0E35F0E 2 0 64
67E0E35F0F 2 0 64
67E0E35F20 2 0 64
67E0E35F30 2 0 64
67E0E35F55 2 0 64
67E0E35F56 2 0 64
67E0E35F57 2 0 64
67E0E35F5B 2 0 64
67E0E35F5C 2 0 64
67E0E35F5D 2 0 64
67E0E35F5E 2 0 64
67E0E35F5F 2 0 64
67E0E35F6A 2 0 64
67E0E35F6B 2 0 64
67E0E35F6C 2 0 64
67E0E35F6D 2 0 64
67E0E35F6E 2 0 64
67E0E35F7F 2 0 64
67E0E35F8F 2 0 64
67E0E35F94 2 0 64
67E0E35F95 2 0 64
67E0E35F96 2 0 64
67E0E35F97 2 0 64
67E0E35F9B 2 0 64
67E0E35F9C 2 0 64
67E0E35F9D 2 0 64
67E0E35F9F 2 0 64
67E0E35FA0 7 0 64
67E0E35FA5 2 0 64
67E0E35FA6 2 0 64
67E0E35FA7 2 0 64
67E0E35FAB 2 0 64
67E0E35FAC 2 0 64
67E0E35FAD 2 0 64
67E0E35FAF 2 0 64
67E0E35FB0 2 0 64
67E0E35FB8 2 0 64
67E0E35FC5 2 0 64
67E0E35FCA 2 0 64
67E0E35FCB 2 0 64
67E0E35FCC 2 0 64
67E0E35FCD 2 0 64
67E0E35FCE 2 0 64
67E0E35FE5 2 0 64
67E0E35FE6 2 0 64
67E0E35FE7 2 0 64
67E0E35FE8 2 0 64
67E0E35FE9 2 0 64
67E0E35FEA 2 0 64
67E0E35FEB 2 0 64
67E0E35FEC 2 0 64
67E0E35FED 2 0 64
67E0E35FEE 2 0 64
67E0E4005F 4 0 64
67E0E4015F 4 0 64
67E0E4025F 4 0 64
67E0E4035F 4 0 64
67E0E4045F 4 0 64
67E0E4055F 4 0 64
67E0E4065F 4 0 64
67E0E4075F 4 0 64
67E0E4085F 4 0 64
67E0E4095F 4 0 64
67E0E40A5F 4 0 64
67E0E40B5F 4 0 64
67E0E40C5F 4 0 64
67E0E40D5F 4 0 64
67E0E40E5F 4 0 64
67E0E40F5F 4 0 64
67E0E4205F 4 0 64
67E0E4305F 4 0 64
67E0E4555F 4 0 64
67E0E4565F 4 0 64
67E0E4575F 4 0 64
67E0E45A5F 4 0 64
67E0E45B5F 4 0 64
67E0E45C5F 4 0 64
67E0E45D5F 4 0 64
67E0E45E5F 4 0 64
67E0E45F5F 4 0 64
67E0E4605F 4 0 64
67E0E46A5F 4 0 64
67E0E46B5F 4 0 64
67E0E46C5F 4 0 64
67E0E46D5F 4 0 64
67E0E46E5F 4 0 64
67E0E4745F 4 0 64
67E0E4795F 4 0 64
67E0E47E5F 4 0 64
67E0E4845F 4 0 64
67E0E4895F 4 0 64
67E0E48E5F 4 0 64
67E0E4955F 4 0 64
67E0E4965F 4 0 64
67E0E4975F 4 0 64
67E0E49A5F 4 0 64
67E0E49B5F 4 0 64
67E0E49C5F 4 0 64
67E0E49D5F 4 0 64
67E0E49E5F 4 0 64
67E0E4A55F 4 0 64
67E0E4A65F 4 0 64
67E0E4A75F 4 0 64
67E0E4AA5F 4 0 64
67E0E4AB5F 4 0 64
67E0E4AC5F 4 0 64
67E0E4AD5F 4 0 64
67E0E4AE5F 4 0 64
67E0E4B05F 4 0 64
67E0E4B45F 4 0 64
67E0E4B85F 4 0 64
67E0E4BC5F 4 0 64
67E0E4C15F 4 0 64
67E0E4C25F 4 0 64
67E0E4C35F 4 0 64
67E0E4C85F 4 0 64
67E0E4C95F 4 0 64
67E0E4CA5F 4 0 64
67E0E4CB5F 4 0 64
67E0E4CC5F 4 0 64
67E0E4CD5F 4 0 64
67E0E4CE5F 4 0 64
67E0E4CF5F 4 0 64
67E0E4E55F 4 0 64
67E0E4E65F 4 0 64
67E0E4E75F 4 0 64
67E0E4E85F 4 0 64
67E0E4E95F 4 0 64
67E0E4EA5F 4 0 64
67E0E4EB5F 4 0 64
67E0E4EC5F 4 0 64
67E0E4ED5F 4 0 64
67E0E4EE5F 4 0 64
67E0E5E45F 4 0 64
67E0E6E45F 4 0 64
67E0E7E45F 4 0 64
67E0E8E45F 4 0 64
67E0E9E45F 4 0 64
67E0EAE45F 4 0 64
67E0EBE45F 4 0 64
67E0ECE45F 4 0 64
67E0EDE45F 4 0 64
67E0EEE45F 4 0 64
67E45E90A1 8 0 64
67E45EA16F 8 0 64
67E4E0205F 5 0 64
67E4E0305F 3 0 64
67E4E0555F 3 0 64
67E4E0565F 3 0 64
67E4E0575F 3 0 64
67E4E05A5F 3 0 64
67E4E05C5F 3 0 64
67E4E05D5F 3 0 64
67E4E05F5F 3 0 64
67E4E06A5F 3 0 64
67E4E06C5F 3 0 64
67E4E06D5F 1 0 64
67E4E06E5F 3 0 64
67E4E0745F 3 0 64
67E4E0795F 3 0 64
67E4E07E5F 3 0 64
67E4E0845F 3 0 64
67E4E0895F 3 0 64
67E4E08E5F 3 0 64
67E4E0955F 3 0 64
67E4E0965F 3 0 64
67E4E0975F 3 0 64
67E4E09A5F 3 0 64
67E4E09B5F 3 0 64
67E4E09C5F 3 0 64
67E4E09D5F 3 0 64
67E4E09E5F 3 0 64
67E4E0A05F 5 0 64
67E4E0A55F 3 0 64
67E4E0A65F 3 0 64
67E4E0A75F 3 0 64
67E4E0AA5F 3 0 64
67E4E0AC5F 1 1 54
67E4E0B05F 3 0 64
67E4E0B45F 3 0 64
67E4E0B85F 3 0 64
67E4E0BC5F 3 0 64
67E4E0C15F 3 0 64
67E4E0C25F 3 0 64
67E4E0C35F 3 0 64
67E4E0C85F 3 0 64
67E4E0C95F 3 0 64
67E4E0CA5F 3 0 64
67E4E0CB5F 3 0 64
67E4E0CC5F 3 0 64
67E4E0CD5F 3 0 64
67E4E0CE5F 3 0 64
67E4E0CF5F 3 0 64
67E4E0E55F 3 0 64
67E4E0E65F 3 0 64
67E4E0E75F 3 0 64
67E4E0E85F 3 0 64
67E4E0E95F 3 0 64
67E4E0EA5F 3 0 64
67E4E0EB5F 3 0 64
67E4E0EC5F 3 0 64
67E4E0ED5F 3 0 64
67E4E0EE5F 3 0 64
67E55E90A1 7 0 64
67E5E0E45F 3 0 64
67E65E90A1 6 0 64
67E6E0E45F 2 0 64
67E75E90A1 8 0 64
67E75EA190 5 0 64
67E790A15E 7 0 64
67E7E0E45F 2 0 64
67E8E0E45F 2 0 64
67E9E0E45F 2 0 64
67EAE0E45F 2 0 64
67EBE0E45F 2 0 64
67ECE0E45F 2 0 64
67EDE0E45F 2 0 64
67EEE0E45F 2 0 64
68676950D0 12 0 64
68676951D1 12 0 64
68676952D2 12 0 64
68676953D3 12 0 64
68676955D5 12 0 64
68676956D6 12 0 64
68676957D7 12 0 64
68676958D8 12 0 64
68676959D9 12 0 64
6867695ADA 12 0 64
6867695BDB 12 0 64
6867695CDC 12 0 64
6867695DDD 12 0 64
6867695EDE 12 0 64
6867695FDF 12 0 64
68696750D0 12 0 64
68696751D1 12 0 64
68696752D2 12 0 64
68696753D3 12 0 64
68696755D5 12 0 64
68696756D6 12 0 64
68696757D7 12 0 64
68696758D8 12 0 64
68696759D9 12 0 64
6869675ADA 12 0 64
6869675BDB 12 0 64
6869675CDC 12 0 64
6869675DDD 12 0 64
6869675EDE 12 0 64
6869675FDF 12 0 64
68A069E1A4 10 0 64
68A0E1A369 10 0 64
6920A05BE3 18 0 64
6920A0A4E4 16 0 64
6955A0A4E4 7 0 64
6959A0A4E4 7 0 64
695AA0A4E4 7 0 64
695BA0A4E4 8 0 64
695DA05BE3 8 0 64
695DA0A4E4 7 0 64
695EA0A4E4 7 0 64
695EA0E1A4 10 0 64
695EE1A3A0 10 0 64
695F94E29F 4 0 64
695FA0A4E4 7 0 64
695FA3E3A0 9 0 64
695FA4A0E3 8 0 64
6965A0A4E4 7 0 64
6966A0A4E4 7 0 64
69676850D0 12 0 64
69676851D1 12 0 64
69676852D2 12 0 64
69676853D3 12 0 64
69676855D5 12 0 64
69676856D6 12 0 64
69676857D7 12 0 64
69676858D8 12 0 64
69676859D9 12 0 64
6967685ADA 12 0 64
6967685BDB 12 0 64
6967685CDC 12 0 64
6967685DDD 12 0 64
6967685EDE 12 0 64
6967685FDF 12 0 64
69686750D0 12 0 64
69686751D1 12 0 64
69686752D2 12 0 64
69686753D3 12 0 64
69686755D5 12 0 64
69686756D6 12 0 64
69686757D7 12 0 64
69686758D8 12 0 64
69686759D9 12 0 64
6968675ADA 12 0 64
6968675BDB 12 0 64
6968675CDC 12 0 64
6968675DDD 12 0 64
6968675EDE 12 0 64
6968675FDF 12 0 64
696AA0A4E4 7 0 64
696DA05BE3 8 0 64
696DA0A4E4 7 0 64
696EA0A4E4 7 0 64
696FA0A4E4 7 0 64
6972A0A4E4 7 0 64
6977A0A4E4 7 0 64
697CA0A4E4 7 0 64
6982A05BE3 11 0 64
6982A0A4E4 10 0 64
6987A05BE3 11 0 64
6987A0A4E4 10 0 64
698CA05BE3 11 0 64
698CA0A4E4 10 0 64
6994A020E0 9 0 64
6995A0A4E4 7 0 64
6999A0A4E4 7 0 64
699AA0A4E4 7 0 64
69A030E2A4 9 0 64
69A0555BE3 8 0 64
69A055A4E3 9 0 64
69A055E2A3 10 0 64
69A055E2A4 9 0 64
69A056A4E3 9 0 64
69A056E2A3 10 0 64
69A059A4E3 9 0 64
69A059A4E4 7 0 64
69A059E2A3 10 0 64
69A05A5BE3 8 0 64
69A05AA4E3 9 0 64
69A05AE2A3 10 0 64
69A05AE2A4 9 0 64
69A05B00E2 9 0 64
69A05B01E2 9 0 64
69A05B02E2 9 0 64
69A05B03E2 9 0 64
69A05B04E2 9 0 64
69A05B05E2 9 0 64
69A05B06E2 9 0 64
69A05B07E2 9 0 64
69A05B08E2 9 0 64
69A05B09E2 9 0 64
69A05B0AE2 9 0 64
69A05B0BE2 9 0 64
69A05B0CE2 9 0 64
69A05B0DE2 9 0 64
69A05B0EE2 9 0 64
69A05B0FE2 9 0 64
69A05B20E2 9 0 64
69A05B30E2 9 0 64
69A05B55E2 9 0 64
69A05B56E2 9 0 64
69A05B59E2 9 0 64
69A05B5AE2 9 0 64
69A05B5BE2 9 0 64
69A05B5CE2 9 0 64
69A05B5DE2 9 0 64
69A05B5EE2 9 0 64
69A05B5FE2 9 0 64
69A05B65E2 9 0 64
69A05B66E2 9 0 64
69A05B6AE2 9 0 64
69A05B6CE2 9 0 64
69A05B6DE2 9 0 64
69A05B6EE2 9 0 64
69A05B74E2 9 0 64
69A05B79E2 9 0 64
69A05B7EE2 9 0 64
69A05B84E2 9 0 64
69A05B89E2 9 0 64
69A05B8EE2 9 0 64
69A05B95E2 9 0 64
69A05B96E2 9 0 64
69A05B99E2 9 0 64
69A05B9AE2 9 0 64
69A05B9BE2 9 0 64
69A05B9CE2 9 0 64
69A05B9DE2 9 0 64
69A05B9EE2 9 0 64
69A05BA5E2 9 0 64
69A05BA6E2 9 0 64
69A05BA9E2 9 0 64
69A05BAAE2 9 0 64
69A05BABE2 9 0 64
69A05BACE2 9 0 64
69A05BADE2 9 0 64
69A05BAEE2 9 0 64
69A05BB0E2 9 0 64
69A05BB8E2 9 0 64
69A05BC5E2 9 0 64
69A05BC6E2 9 0 64
69A05BCAE2 9 0 64
69A05BCCE2 9 0 64
69A05BCDE2 9 0 64
69A05BCEE2 9 0 64
69A05BE5E2 9 0 64
69A05BE6E2 9 0 64
69A05BE7E2 9 0 64
69A05BE9E2 9 0 64
69A05BEAE2 9 0 64
69A05BEBE2 9 0 64
69A05BECE2 9 0 64
69A05BEDE2 9 0 64
69A05BEEE2 9 0 64
69A05CE200 10 0 64
69A05CE201 10 0 64
69A05CE202 10 0 64
69A05CE203 10 0 64
69A05CE204 10 0 64
69A05CE205 10 0 64
69A05CE206 10 0 64
69A05CE207 10 0 64
69A05CE208 10 0 64
69A05CE209 10 0 64
69A05CE20A 10 0 64
69A05CE20B 10 0 64
69A05CE20C 10 0 64
69A05CE20D 10 0 64
69A05CE20E 10 0 64
69A05CE20F 10 0 64
69A05CE220 10 0 64
69A05CE230 10 0 64
69A05CE255 10 0 64
69A05CE256 10 0 64
69A05CE259 10 0 64
69A05CE25A 10 0 64
69A05CE25B 10 0 64
69A05CE25C 10 0 64
69A05CE25D 10 0 64
69A05CE25E 10 0 64
69A05CE25F 10 0 64
69A05CE265 10 0 64
69A05CE266 10 0 64
69A05CE26A 10 0 64
69A05CE26B 10 0 64
69A05CE26D 10 0 64
69A05CE26E 10 0 64
69A05CE270 10 0 64
69A05CE275 10 0 64
69A05CE27A 10 0 64
69A05CE27F 10 0 64
69A05CE280 10 0 64
69A05CE285 10 0 64
69A05CE28A 10 0 64
69A05CE28F 10 0 64
69A05CE294 10 0 64
69A05CE295 10 0 64
69A05CE296 10 0 64
69A05CE299 10 0 64
69A05CE29A 10 0 64
69A05CE29B 10 0 64
69A05CE29C 10 0 64
69A05CE29D 10 0 64
69A05CE29E 10 0 64
69A05CE29F 10 0 64
69A05CE2A4 8 0 64
69A05CE2A5 10 0 64
69A05CE2A6 10 0 64
69A05CE2A9 10 0 64
69A05CE2AA 10 0 64
69A05CE2AB 10 0 64
69A05CE2AC 10 0 64
69A05CE2AD 10 0 64
69A05CE2AE 10 0 64
69A05CE2AF 10 0 64
69A05CE2B0 10 0 64
69A05CE2B8 10 0 64
69A05CE2C5 10 0 64
69A05CE2C6 10 0 64
69A05CE2CA 10 0 64
69A05CE2CB 10 0 64
69A05CE2CD 10 0 64
69A05CE2CE 10 0 64
69A05CE2E5 10 0 64
69A05CE2E6 10 0 64
69A05CE2E7 10 0 64
69A05CE2E9 10 0 64
69A05CE2EA 10 0 64
69A05CE2EB 10 0 64
69A05CE2EC 10 0 64
69A05CE2ED 10 0 64
69A05CE2EE 10 0 64
69A05CE2EF 10 0 64
69A05D5BE3 8 0 64
69A05DA4E3 9 0 64
69A05DA4E4 7 0 64
69A05DE2A3 10 0 64
69A05DE2A4 9 0 64
69A05F5BE3 8 0 64
69A0655BE3 8 0 64
69A065A4E3 9 0 64
69A065A4E4 7 0 64
69A065E2A3 10 0 64
69A065E2A4 9 0 64
69A0665BE3 8 0 64
69A066A4E3 9 0 64
69A066A4E4 7 0 64
69A066E2A3 10 0 64
69A066E2A4 9 0 64
69A067E1A4 10 0 64
69A06A5BE3 8 0 64
69A06AA4E3 9 0 64
69A06AE2A2 9 0 64
69A06AE2A3 10 0 64
69A06AE2A4 9 0 64
69A06BA4E3 8 0 64
69A06CE2A3 9 0 64
69A06DE2A4 9 0 64
69A06E5BE3 8 0 64
69A06EA4E3 9 0 64
69A06EA4E4 7 0 64
69A06EE2A3 10 0 64
69A06FA4E4 7 0 64
69A092A4E3 9 0 64
69A092E2A3 10 0 64
69A092E2A4 8 0 64
69A093A3E3 9 0 64
69A093E1A3 10 0 64
69A093E1A4 8 0 64
69A094A4E2 9 0 64
69A094E2A1 8 0 64
69A094E2A2 10 0 64
69A0955BE3 8 0 64
69A095A4E3 9 0 64
69A095E2A3 10 0 64
69A095E2A4 9 0 64
69A0995BE3 8 0 64
69A099A4E3 9 0 64
69A099A4E4 7 0 64
69A099E2A3 10 0 64
69A099E2A4 9 0 64
69A09A5BE3 8 0 64
69A09AA4E3 9 0 64
69A09AA4E4 7 0 64
69A09AE2A3 10 0 64
69A09AE2A4 9 0 64
69A0A2A4E3 9 0 64
69A0A2E2A3 10 0 64
69A0A35BE3 8 0 64
69A0A393E3 7 0 64
69A0A3A5E3 9 0 64
69A0A3A5E4 7 0 64
69A0A3E300 9 0 64
69A0A3E301 9 0 64
69A0A3E302 9 0 64
69A0A3E303 9 0 64
69A0A3E304 9 0 64
69A0A3E305 9 0 64
69A0A3E306 9 0 64
69A0A3E307 9 0 64
69A0A3E308 9 0 64
69A0A3E309 9 0 64
69A0A3E30A 9 0 64
69A0A3E30B 9 0 64
69A0A3E30C 9 0 64
69A0A3E30D 9 0 64
69A0A3E30E 9 0 64
69A0A3E30F 9 0 64
69A0A3E320 9 0 64
69A0A3E330 9 0 64
69A0A3E355 9 0 64
69A0A3E359 9 0 64
69A0A3E35A 9 0 64
69A0A3E35B 9 0 64
69A0A3E35C 9 0 64
69A0A3E35D 9 0 64
69A0A3E35E 9 0 64
69A0A3E35F 9 0 64
69A0A3E365 9 0 64
69A0A3E366 9 0 64
69A0A3E36A 9 0 64
69A0A3E36B 9 0 64
69A0A3E36D 9 0 64
69A0A3E36E 9 0 64
69A0A3E370 9 0 64
69A0A3E375 9 0 64
69A0A3E37A 9 0 64
69A0A3E37F 9 0 64
69A0A3E380 9 0 64
69A0A3E385 9 0 64
69A0A3E38A 9 0 64
69A0A3E38F 9 0 64
69A0A3E394 9 0 64
69A0A3E395 9 0 64
69A0A3E399 9 0 64
69A0A3E39A 9 0 64
69A0A3E39B 9 0 64
69A0A3E39C 9 0 64
69A0A3E39D 9 0 64
69A0A3E39E 9 0 64
69A0A3E39F 9 0 64
69A0A3E3A3 10 0 64
69A0A3E3A5 9 0 64
69A0A3E3A9 9 0 64
69A0A3E3AA 9 0 64
69A0A3E3AB 9 0 64
69A0A3E3AC 9 0 64
69A0A3E3AD 9 0 64
69A0A3E3AE 9 0 64
69A0A3E3AF 9 0 64
69A0A3E3B0 9 0 64
69A0A3E3B8 9 0 64
69A0A3E3C5 9 0 64
69A0A3E3C6 9 0 64
69A0A3E3CA 9 0 64
69A0A3E3CB 9 0 64
69A0A3E3CD 9 0 64
69A0A3E3CE 9 0 64
69A0A3E3E2 8 0 64
69A0A3E3E5 9 0 64
69A0A3E3E7 9 0 64
69A0A3E3E9 9 0 64
69A0A3E3EA 9 0 64
69A0A3E3EB 9 0 64
69A0A3E3EC 9 0 64
69A0A3E3ED 9 0 64
69A0A3E3EE 9 0 64
69A0A3E3EF 9 0 64
69A0A3E55C 9 0 64
69A0A400E3 8 0 64
69A0A401E3 8 0 64
69A0A402E3 8 0 64
69A0A403E3 8 0 64
69A0A404E3 8 0 64
69A0A405E3 8 0 64
69A0A406E3 8 0 64
69A0A407E3 8 0 64
69A0A408E3 8 0 64
69A0A409E3 8 0 64
69A0A40AE3 8 0 64
69A0A40BE3 8 0 64
69A0A40CE3 8 0 64
69A0A40DE3 8 0 64
69A0A40EE3 8 0 64
69A0A40FE3 8 0 64
69A0A420E3 8 0 64
69A0A430E3 8 0 64
69A0A455E3 8 0 64
69A0A459E3 8 0 64
69A0A45AE3 8 0 64
69A0A45BE3 8 0 64
69A0A45BE4 8 0 64
69A0A45CE3 8 0 64
69A0A45DE3 8 0 64
69A0A45EE3 8 0 64
69A0A45FE3 8 0 64
69A0A465E3 8 0 64
69A0A465E4 7 0 64
69A0A466E3 8 0 64
69A0A466E4 7 0 64
69A0A46AE3 8 0 64
69A0A46CE3 8 0 64
69A0A46DE3 8 0 64
69A0A46EE3 8 0 64
69A0A474E3 8 0 64
69A0A479E3 8 0 64
69A0A47EE3 8 0 64
69A0A484E3 8 0 64
69A0A489E3 8 0 64
69A0A48EE3 8 0 64
69A0A495E3 8 0 64
69A0A499E3 8 0 64
69A0A499E4 7 0 64
69A0A49AE3 8 0 64
69A0A49AE4 7 0 64
69A0A49BE3 8 0 64
69A0A49CE3 8 0 64
69A0A49DE3 8 0 64
69A0A49EE3 8 0 64
69A0A4A3E4 7 0 64
69A0A4A4E4 9 0 64
69A0A4A4E5 7 0 64
69A0A4A5E3 8 0 64
69A0A4A9E3 8 0 64
69A0A4AAE3 8 0 64
69A0A4ABE3 8 0 64
69A0A4ACE3 8 0 64
69A0A4ADE3 8 0 64
69A0A4AEE3 8 0 64
69A0A4B0E3 8 0 64
69A0A4B8E3 8 0 64
69A0A4C5E3 8 0 64
69A0A4C6E3 8 0 64
69A0A4CAE3 8 0 64
69A0A4CCE3 8 0 64
69A0A4CDE3 8 0 64
69A0A4CEE3 8 0 64
69A0A4CFE4 7 0 64
69A0A4E2A4 10 0 64
69A0A4E2E3 7 0 64
69A0A4E5E3 8 0 64
69A0A4E7E3 8 0 64
69A0A4E9E3 8 0 64
69A0A4EAE3 8 0 64
69A0A4EBE3 8 0 64
69A0A4ECE3 8 0 64
69A0A4EDE3 8 0 64
69A0A4EEE3 8 0 64
69A0A55BE3 8 0 64
69A0A5A4E3 9 0 64
69A0A5E2A3 10 0 64
69A0A5E2A4 9 0 64
69A0A6A4E3 9 0 64
69A0A6E2A3 10 0 64
69A0A9A4E3 9 0 64
69A0A9A4E4 7 0 64
69A0A9E2A3 10 0 64
69A0AA5BE3 8 0 64
69A0AAA4E3 9 0 64
69A0AAE2A3 10 0 64
69A0AAE2A4 9 0 64
69A0CF5BE3 8 0 64
69A0CFA4E3 9 0 64
69A0CFA4E4 7 0 64
69A0CFE2A3 10 0 64
69A0E1A367 10 0 64
69A0E1A3E1 10 0 64
69A0E1E1A4 10 0 64
69A0E35DA2 8 0 64
69A0E45D5D 8 0 64
69A0E45DA2 8 0 64
69A147A4E3 9 0 64
69A147E2A3 10 0 64
69A1A0A4E3 9 0 64
69A1A0E2A3 10 0 64
69A1A0E2A4 9 0 64
69A1A44FE4 7 0 64
69A1A4A0E4 7 0 64
69A2A191E3 5 0 64
69A2E25FA0 10 0 64
69A2E2A05F 10 0 64
69A2E720A0 10 0 64
69A2F0A0A2 4 0 64
69A35FE2A0 10 0 64
69A3A06EE3 6 0 64
69A3A0E25F 10 0 64
69A3A3EEA0 4 0 64
69A45FA0E2 9 0 64
69A4A05CE4 7 0 64
69A4A05FE2 9 0 64
69A4A0A4E7 6 0 64
69A5A05EE3 6 0 64
69A5A0A4E4 7 0 64
69A9A0A4E4 7 0 64
69AAA0A4E4 7 0 64
69B0A05BE3 8 0 64
69B0A0A4E4 7 0 64
69CFA0A4E4 7 0 64
69E3A05BE4 7 0 64
69E3A45FE4 7 0 64
69E420A0A1 10 0 64
69E45EA0A1 8 0 64
69E45EA15F 7 0 64
69E520A0A1 9 0 64
69E55EA0A1 7 0 64
69E5A220A0 10 0 64
69E6A120A0 10 0 64
69E6A220A0 9 0 64
69E9A0A15E 5 0 64
69EBA0A15E 3 0 64
6A20A0A4E4 16 0 64
6A5DA0A4E4 7 0 64
6A6DA0A4E4 7 0 64
6A82A0A4E4 10 0 64
6A87A0A4E4 10 0 64
6A8CA0A4E4 10 0 64
6A9FA491E4 7 0 64
6AA030E2A4 9 0 64
6AA047A4E3 9 0 64
6AA047E2A3 10 0 64
6AA0555BE3 8 0 64
6AA055A4E4 7 0 64
6AA055E2A4 9 0 64
6AA0565BE3 8 0 64
6AA056E2A4 9 0 64
6AA05A5BE3 8 0 64
6AA05AA4E4 7 0 64
6AA05AE2A4 9 0 64
6AA05D5BE3 8 0 64
6AA05DA4E4 7 0 64
6AA05DE2A4 9 0 64
6AA05FA4E4 7 0 64
6AA0655BE3 8 0 64
6AA065A4E4 7 0 64
6AA065E2A4 9 0 64
6AA0665BE3 8 0 64
6AA066A4E4 7 0 64
6AA066E2A4 9 0 64
6AA06A5BE3 8 0 64
6AA06AA4E4 7 0 64
6AA06AE2A2 9 0 64
6AA06AE2A4 9 0 64
6AA06B5BE3 7 0 64
6AA06BA4E3 8 0 64
6AA06CE2A3 9 0 64
6AA06DE2A4 9 0 64
6AA06E5BE3 8 0 64
6AA06EA4E4 7 0 64
6AA0925CE3 8 0 64
6AA092E2A4 8 0 64
6AA0935BE3 8 0 64
6AA093E1A4 8 0 64
6AA094E2A1 8 0 64
6AA0955BE3 8 0 64
6AA095A4E4 7 0 64
6AA095E2A4 9 0 64
6AA09A5BE3 8 0 64
6AA09AA4E4 7 0 64
6AA09AE2A4 9 0 64
6AA0A35BE3 8 0 64
6AA0A36DE3 6 0 64
6AA0A393E3 7 0 64
6AA0A3A5E4 7 0 64
6AA0A3E300 9 0 64
6AA0A3E301 9 0 64
6AA0A3E302 9 0 64
6AA0A3E303 9 0 64
6AA0A3E304 9 0 64
6AA0A3E305 9 0 64
6AA0A3E306 9 0 64
6AA0A3E307 9 0 64
6AA0A3E308 9 0 64
6AA0A3E309 9 0 64
6AA0A3E30A 9 0 64
6AA0A3E30B 9 0 64
6AA0A3E30C 9 0 64
6AA0A3E30D 9 0 64
6AA0A3E30E 9 0 64
6AA0A3E30F 9 0 64
6AA0A3E320 9 0 64
6AA0A3E330 9 0 64
6AA0A3E354 9 0 64
6AA0A3E355 9 0 64
6AA0A3E356 9 0 64
6AA0A3E35A 9 0 64
6AA0A3E35B 9 0 64
6AA0A3E35C 9 0 64
6AA0A3E35D 9 0 64
6AA0A3E35E 9 0 64
6AA0A3E35F 9 0 64
6AA0A3E365 9 0 64
6AA0A3E366 9 0 64
6AA0A3E36A 9 0 64
6AA0A3E36B 9 0 64
6AA0A3E36D 9 0 64
6AA0A3E36E 9 0 64
6AA0A3E370 9 0 64
6AA0A3E375 9 0 64
6AA0A3E37A 9 0 64
6AA0A3E37F 9 0 64
6AA0A3E380 9 0 64
6AA0A3E385 9 0 64
6AA0A3E38A 9 0 64
6AA0A3E38F 9 0 64
6AA0A3E394 9 0 64
6AA0A3E395 9 0 64
6AA0A3E396 9 0 64
6AA0A3E39A 9 0 64
6AA0A3E39B 9 0 64
6AA0A3E39C 9 0 64
6AA0A3E39D 9 0 64
6AA0A3E39E 9 0 64
6AA0A3E39F 9 0 64
6AA0A3E3A5 9 0 64
6AA0A3E3A6 9 0 64
6AA0A3E3AA 9 0 64
6AA0A3E3AB 9 0 64
6AA0A3E3AC 9 0 64
6AA0A3E3AD 9 0 64
6AA0A3E3AE 9 0 64
6AA0A3E3AF 9 0 64
6AA0A3E3B0 9 0 64
6AA0A3E3B8 9 0 64
6AA0A3E3C5 9 0 64
6AA0A3E3C6 9 0 64
6AA0A3E3CA 9 0 64
6AA0A3E3CB 9 0 64
6AA0A3E3CD 9 0 64
6AA0A3E3CE 9 0 64
6AA0A3E3E5 9 0 64
6AA0A3E3E6 9 0 64
6AA0A3E3E8 9 0 64
6AA0A3E3EA 9 0 64
6AA0A3E3EB 9 0 64
6AA0A3E3EC 9 0 64
6AA0A3E3ED 9 0 64
6AA0A3E3EE 9 0 64
6AA0A3E3EF 9 0 64
6AA0A3E55C 9 0 64
6AA0A3E65C 8 0 64
6AA0A400E3 8 0 64
6AA0A401E3 8 0 64
6AA0A402E3 8 0 64
6AA0A403E3 8 0 64
6AA0A404E3 8 0 64
6AA0A405E3 8 0 64
6AA0A406E3 8 0 64
6AA0A407E3 8 0 64
6AA0A408E3 8 0 64
6AA0A409E3 8 0 64
6AA0A40AE3 8 0 64
6AA0A40BE3 8 0 64
6AA0A40CE3 8 0 64
6AA0A40DE3 8 0 64
6AA0A40EE3 8 0 64
6AA0A40FE3 8 0 64
6AA0A420E3 8 0 64
6AA0A430E3 8 0 64
6AA0A44FE4 7 0 64
6AA0A453E3 8 0 64
6AA0A455E3 8 0 64
6AA0A455E4 7 0 64
6AA0A456E3 8 0 64
6AA0A456E4 7 0 64
6AA0A45AE3 8 0 64
6AA0A45AE4 7 0 64
6AA0A45BE3 8 0 64
6AA0A45CE3 8 0 64
6AA0A45DE3 8 0 64
6AA0A45EE3 8 0 64
6AA0A45FE3 8 0 64
6AA0A465E3 8 0 64
6AA0A465E4 7 0 64
6AA0A466E3 8 0 64
6AA0A466E4 7 0 64
6AA0A46AE3 8 0 64
6AA0A46AE4 7 0 64
6AA0A46CE3 8 0 64
6AA0A46DE3 8 0 64
6AA0A46EE3 8 0 64
6AA0A474E3 8 0 64
6AA0A479E3 8 0 64
6AA0A47EE3 8 0 64
6AA0A484E3 8 0 64
6AA0A489E3 8 0 64
6AA0A48EE3 8 0 64
6AA0A495E3 8 0 64
6AA0A495E4 7 0 64
6AA0A496E3 8 0 64
6AA0A49AE3 8 0 64
6AA0A49AE4 7 0 64
6AA0A49BE3 8 0 64
6AA0A49CE3 8 0 64
6AA0A49DE3 8 0 64
6AA0A49EE3 8 0 64
6AA0A4A3E4 7 0 64
6AA0A4A4E5 7 0 64
6AA0A4A5E3 8 0 64
6AA0A4A5E4 7 0 64
6AA0A4A6E3 8 0 64
6AA0A4AAE3 8 0 64
6AA0A4AAE4 7 0 64
6AA0A4ABE3 8 0 64
6AA0A4ACE3 8 0 64
6AA0A4ADE3 8 0 64
6AA0A4AEE3 8 0 64
6AA0A4B0E3 8 0 64
6AA0A4B8E3 8 0 64
6AA0A4C5E3 8 0 64
6AA0A4C6E3 8 0 64
6AA0A4CAE3 8 0 64
6AA0A4CCE3 8 0 64
6AA0A4CDE3 8 0 64
6AA0A4CEE3 8 0 64
6AA0A4CFE4 7 0 64
6AA0A4E5E3 8 0 64
6AA0A4E6E3 8 0 64
6AA0A4E8E3 8 0 64
6AA0A4EAE3 8 0 64
6AA0A4EBE3 8 0 64
6AA0A4ECE3 8 0 64
6AA0A4EDE3 8 0 64
6AA0A4EEE3 8 0 64
6AA0A55BE3 8 0 64
6AA0A5A2E3 7 0 64
6AA0A5A4E4 7 0 64
6AA0A5E2A4 9 0 64
6AA0A65BE3 8 0 64
6AA0A6E2A4 9 0 64
6AA0AA5BE3 8 0 64
6AA0AAA4E4 7 0 64
6AA0AAE2A4 9 0 64
6AA0CF5BE3 8 0 64
6AA0CFA4E4 7 0 64
6AA0E45D5D 8 0 64
6AA0E45DA2 8 0 64
6AA1475BE3 8 0 64
6AA155A4E4 7 0 64
6AA156A4E4 7 0 64
6AA15AA4E4 7 0 64
6AA15DA4E4 7 0 64
6AA165A4E4 7 0 64
6AA166A4E4 7 0 64
6AA16AA4E4 7 0 64
6AA16B5BE3 7 0 64
6AA16BA4E4 6 0 64
6AA16EA4E4 7 0 64
6AA192A4E4 7 0 64
6AA192E2A4 8 0 64
6AA193A3E4 7 0 64
6AA193E1A4 8 0 64
6AA194E2A1 8 0 64
6AA195A4E4 7 0 64
6AA1A36DE3 6 0 64
6AA1A393E3 7 0 64
6AA1A3A5E4 7 0 64
6AA1A3E65C 8 0 64
6AA1A44FE4 7 0 64
6AA1A455E4 7 0 64
6AA1A45AE4 7 0 64
6AA1A465E4 7 0 64
6AA1A46AE4 7 0 64
6AA1A495E4 7 0 64
6AA1A4A0E4 7 0 64
6AA1A4A3E4 7 0 64
6AA1A4A4E5 7 0 64
6AA1A4A4E7 6 0 64
6AA1A4A5E4 7 0 64
6AA1A4ACE4 7 0 64
6AA1A4CFE4 7 0 64
6AA1A55DE3 6 0 64
6AA1A5A2E3 7 0 64
6AA1A5A4E4 7 0 64
6AA1A6A4E4 7 0 64
6AA1B8E2A4 9 0 64
6AA1CFA4E4 7 0 64
6AA1E45DA2 8 0 64
6AA1E55DA2 8 0 64
6AA26CE2A1 7 0 64
6AA2A191E3 5 0 64
6AA2A36EE3 4 0 64
6AA392E3A1 6 0 64
6AA393E2A1 6 0 64
6AA3A16FE3 4 0 64
6AA3A3F0A0 3 0 64
6AA46CE2A2 5 0 64
6AB0A0A4E4 7 0 64
6AE520A0A1 9 0 64
6AE55EA0A1 7 0 64
6AE6A220A0 9 0 64
6AEAA0A15E 4 0 64
6AECA0A15E 2 0 64
6BA0475BE3 8 0 64
6BA055A4E4 7 0 64
6BA056A4E4 7 0 64
6BA05AA4E4 7 0 64
6BA05DA4E4 7 0 64
6BA065A4E4 7 0 64
6BA066A4E4 7 0 64
6BA06AA4E4 7 0 64
6BA06B5BE3 7 0 64
6BA06BA4E4 6 0 64
6BA06EA4E4 7 0 64
6BA092A4E4 7 0 64
6BA092E2A4 8 0 64
6BA093A3E4 7 0 64
6BA093E1A4 8 0 64
6BA094E2A1 8 0 64
6BA095A4E4 7 0 64
6BA0A36DE3 6 0 64
6BA0A393E3 7 0 64
6BA0A3A5E4 7 0 64
6BA0A3E65C 8 0 64
6BA0A44FE4 7 0 64
6BA0A455E4 7 0 64
6BA0A45AE4 7 0 64
6BA0A465E4 7 0 64
6BA0A46AE4 7 0 64
6BA0A495E4 7 0 64
6BA0A4A0E4 7 0 64
6BA0A4A3E4 7 0 64
6BA0A4A4E5 7 0 64
6BA0A4A4E7 6 0 64
6BA0A4A5E4 7 0 64
6BA0A4ACE4 7 0 64
6BA0A4CFE4 7 0 64
6BA0A55DE3 6 0 64
6BA0A5A2E3 7 0 64
6BA0A5A4E4 7 0 64
6BA0A6A4E4 7 0 64
6BA0B8E2A4 9 0 64
6BA0CFA4E4 7 0 64
6BA0E45DA2 8 0 64
6BA0E55DA2 8 0 64
6BA147A4E4 7 0 64
6BA16BA4E4 6 0 64
6BA1A36DE3 6 0 64
6BA1A3E75C 7 0 64
6BA1A447E4 7 0 64
6BA1A4A0E4 7 0 64
6BA1A4A4E7 6 0 64
6BA1A55DE3 6 0 64
6BA1A5A3E3 5 0 64
6BA1E55DA2 8 0 64
6BA3A0E3A0 9 0 64
6BA4A0A0E3 8 0 64
6BE620A0A1 8 0 64
6BE65EA0A1 6 0 64
6BE7A220A0 8 0 64
6BEBA0A15E 3 0 64
6BEDA0A15E 1 0 64
6CA047A4E4 7 0 64
6CA06BA4E4 6 0 64
6CA0A36DE3 6 0 64
6CA0A3E75C 7 0 64
6CA0A447E4 7 0 64
6CA0A4A0E4 7 0 64
6CA0A4A4E7 6 0 64
6CA0A55DE3 6 0 64
6CA0A5A3E3 5 0 64
6CA0E55DA2 8 0 64
6CA1A55CE3 4 0 64
6CA1A5A3E3 5 0 64
6CA1A6A2E3 5 0 64
6CA1E65DA2 7 0 64
6CA4A05FE4 7 0 64
6CECA0A15E 2 0 64
6D69A15BE3 8 0 64
6D69A1A4E4 7 0 64
6D6AA1A4E4 7 0 64
6DA0A55CE3 4 0 64
6DA0A5A3E3 5 0 64
6DA0A6A2E3 5 0 64
6DA0E65DA2 7 0 64
6DA1A55CE3 4 0 64
6DA1A65DE3 4 0 64
6DA45DE26A 6 0 64
6DEDA0A15E 1 0 64
6EA0A55CE3 4 0 64
6EA0A65DE3 4 0 64
6EA1A6A3E3 3 0 64
6EA26069E0 9 0 64
6FA0A6A3E3 3 0 64
6FA1A65CE3 2 0 64
6FA26A5FE0 7 0 64
6FA26AE05F 10 0 64
6FA35F6AE0 9 0 64
72D5559365 1 0 64
72D5559366 1 0 64
72D5559367 1 0 64
72D5559464 1 0 64
72D5559465 1 0 64
72D5559466 1 0 64
72D5926555 1 0 64
72D5926655 1 0 64
72D5926755 1 0 64
72D5936455 1 0 64
72D5936555 1 0 64
72D5936655 1 0 64
72D5945564 1 0 64
72D5945565 1 0 64
72D5945566 1 0 64
72D6569365 1 0 64
72D6569366 1 0 64
72D6569367 1 0 64
72D6569464 1 0 64
72D6569465 1 0 64
72D6569466 1 0 64
72D6926556 1 0 64
72D6926656 1 0 64
72D6926756 1 0 64
72D6936456 1 0 64
72D6936556 1 0 64
72D6936656 1 0 64
72D6945664 1 0 64
72D6945665 1 0 64
72D6945666 1 0 64
72D7926757 1 0 64
72D7936657 1 0 64
7350D09365 2 0 64
7350D09366 2 0 64
7350D09367 2 0 64
7350D09464 2 0 64
7350D09465 2 0 64
7350D09466 2 0 64
7351D19365 2 0 64
7351D19366 2 0 64
7351D19367 2 0 64
7351D19464 2 0 64
7351D19465 2 0 64
7351D19466 2 0 64
7353D39365 6 0 64
7353D39366 7 0 64
7353D39367 8 0 64
7353D39464 6 0 64
7353D39465 7 0 64
7353D39466 8 0 64
7354D49365 1 0 64
7354D49366 1 0 64
7354D49367 1 0 64
7354D49464 1 0 64
7354D49465 1 0 64
7354D49466 1 0 64
7355D59365 2 0 64
7355D59366 2 0 64
7355D59367 2 0 64
7355D59464 2 0 64
7355D59465 2 0 64
7355D59466 2 0 64
7356D69365 2 0 64
7356D69366 2 0 64
7356D69367 2 0 64
7356D69464 2 0 64
7356D69465 2 0 64
7356D69466 2 0 64
7357D79365 2 0 64
7357D79366 2 0 64
7357D79367 2 0 64
7357D79464 2 0 64
7357D79465 2 0 64
7357D79466 2 0 64
7358D89365 2 0 64
7358D89366 2 0 64
7358D89367 2 0 64
7358D89464 2 0 64
7358D89465 2 0 64
7358D89466 2 0 64
7359D99365 2 0 64
7359D99366 2 0 64
7359D99367 2 0 64
7359D99464 2 0 64
7359D99465 2 0 64
7359D99466 2 0 64
735ADA9365 2 0 64
735ADA9366 2 0 64
735ADA9367 2 0 64
735ADA9464 2 0 64
735ADA9465 2 0 64
735ADA9466 2 0 64
735BDB9365 2 0 64
735BDB9366 2 0 64
735BDB9367 2 0 64
735BDB9464 2 0 64
735BDB9465 2 0 64
735BDB9466 2 0 64
735CDC9365 2 0 64
735CDC9366 2 0 64
735CDC9367 2 0 64
735CDC9464 2 0 64
735CDC9465 2 0 64
735CDC9466 2 0 64
735DDD9365 2 0 64
735DDD9366 2 0 64
735DDD9367 2 0 64
735DDD9464 2 0 64
735DDD9465 2 0 64
735DDD9466 2 0 64
735EDE9365 2 0 64
735EDE9366 2 0 64
735EDE9367 2 0 64
735EDE9464 2 0 64
735EDE9465 2 0 64
735EDE9466 2 0 64
735FDF9365 2 0 64
735FDF9366 2 0 64
735FDF9367 2 0 64
735FDF9464 2 0 64
735FDF9465 2 0 64
735FDF9466 2 0 64
77D5559365 1 0 64
77D5559366 1 0 64
77D5559367 1 0 64
77D5559464 1 0 64
77D5559465 1 0 64
77D5559466 1 0 64
77D5926555 1 0 64
77D5926655 1 0 64
77D5926755 1 0 64
77D5936455 1 0 64
77D5936555 1 0 64
77D5936655 1 0 64
77D5945564 1 0 64
77D5945565 1 0 64
77D5945566 1 0 64
77D6569365 1 0 64
77D6569366 1 0 64
77D6569367 1 0 64
77D6569464 1 0 64
77D6569465 1 0 64
77D6569466 1 0 64
77D6926556 1 0 64
77D6926656 1 0 64
77D6926756 1 0 64
77D6936456 1 0 64
77D6936556 1 0 64
77D6936656 1 0 64
77D6945664 1 0 64
77D6945665 1 0 64
77D6945666 1 0 64
77D7926757 1 0 64
77D7936657 1 0 64
7850D09365 2 0 64
7850D09366 2 0 64
7850D09367 2 0 64
7850D09464 2 0 64
7850D09465 2 0 64
7850D09466 2 0 64
7851D19365 2 0 64
7851D19366 2 0 64
7851D19367 2 0 64
7851D19464 2 0 64
7851D19465 2 0 64
7851D19466 2 0 64
7853D39365 6 0 64
7853D39366 7 0 64
7853D39367 8 0 64
7853D39464 6 0 64
7853D39465 7 0 64
7853D39466 8 0 64
7854D49365 1 0 64
7854D49366 1 0 64
7854D49367 1 0 64
7854D49464 1 0 64
7854D49465 1 0 64
7854D49466 1 0 64
7855D59365 2 0 64
7855D59366 2 0 64
7855D59367 2 0 64
7855D59464 2 0 64
7855D59465 2 0 64
7855D59466 2 0 64
7856D69365 2 0 64
7856D69366 2 0 64
7856D69367 2 0 64
7856D69464 2 0 64
7856D69465 2 0 64
7856D69466 2 0 64
7857D79365 2 0 64
7857D79366 2 0 64
7857D79367 2 0 64
7857D79464 2 0 64
7857D79465 2 0 64
7857D79466 2 0 64
7858D89365 2 0 64
7858D89366 2 0 64
7858D89367 2 0 64
7858D89464 2 0 64
7858D89465 2 0 64
7858D89466 2 0 64
7859D99365 2 0 64
7859D99366 2 0 64
7859D99367 2 0 64
7859D99464 2 0 64
7859D99465 2 0 64
7859D99466 2 0 64
785ADA9365 2 0 64
785ADA9366 2 0 64
785ADA9367 2 0 64
785ADA9464 2 0 64
785ADA9465 2 0 64
785ADA9466 2 0 64
785BDB9365 2 0 64
785BDB9366 2 0 64
785BDB9367 2 0 64
785BDB9464 2 0 64
785BDB9465 2 0 64
785BDB9466 2 0 64
785CDC9365 2 0 64
785CDC9366 2 0 64
785CDC9367 2 0 64
785CDC9464 2 0 64
785CDC9465 2 0 64
785CDC9466 2 0 64
785DDD9365 2 0 64
785DDD9366 2 0 64
785DDD9367 2 0 64
785DDD9464 2 0 64
785DDD9465 2 0 64
785DDD9466 2 0 64
785EDE9365 2 0 64
785EDE9366 2 0 64
785EDE9367 2 0 64
785EDE9464 2 0 64
785EDE9465 2 0 64
785EDE9466 2 0 64
785FDF9365 2 0 64
785FDF9366 2 0 64
785FDF9367 2 0 64
785FDF9464 2 0 64
785FDF9465 2 0 64
785FDF9466 2 0 64
7CD5559365 1 0 64
7CD5559366 1 0 64
7CD5559367 1 0 64
7CD5559464 1 0 64
7CD5559465 1 0 64
7CD5559466 1 0 64
7CD5926555 1 0 64
7CD5926655 1 0 64
7CD5926755 1 0 64
7CD5936455 1 0 64
7CD5936555 1 0 64
7CD5936655 1 0 64
7CD5945564 1 0 64
7CD5945565 1 0 64
7CD5945566 1 0 64
7CD6569365 1 0 64
7CD6569366 1 0 64
7CD6569367 1 0 64
7CD6569464 1 0 64
7CD6569465 1 0 64
7CD6569466 1 0 64
7CD6926556 1 0 64
7CD6926656 1 0 64
7CD6926756 1 0 64
7CD6936456 1 0 64
7CD6936556 1 0 64
7CD6936656 1 0 64
7CD6945664 1 0 64
7CD6945665 1 0 64
7CD6945666 1 0 64
7CD7926757 1 0 64
7CD7936657 1 0 64
7D50D09365 2 0 64
7D50D09366 2 0 64
7D50D09367 2 0 64
7D50D09464 2 0 64
7D50D09465 2 0 64
7D50D09466 2 0 64
7D51D19365 2 0 64
7D51D19366 2 0 64
7D51D19367 2 0 64
7D51D19464 2 0 64
7D51D19465 2 0 64
7D51D19466 2 0 64
7D53D39365 6 0 64
7D53D39366 7 0 64
7D53D39367 8 0 64
7D53D39464 6 0 64
7D53D39465 7 0 64
7D53D39466 8 0 64
7D54D49365 1 0 64
7D54D49366 1 0 64
7D54D49367 1 0 64
7D54D49464 1 0 64
7D54D49465 1 0 64
7D54D49466 1 0 64
7D55D59365 2 0 64
7D55D59366 2 0 64
7D55D59367 2 0 64
7D55D59464 2 0 64
7D55D59465 2 0 64
7D55D59466 2 0 64
7D56D69365 2 0 64
7D56D69366 2 0 64
7D56D69367 2 0 64
7D56D69464 2 0 64
7D56D69465 2 0 64
7D56D69466 2 0 64
7D57D79365 2 0 64
7D57D79366 2 0 64
7D57D79367 2 0 64
7D57D79464 2 0 64
7D57D79465 2 0 64
7D57D79466 2 0 64
7D58D89365 2 0 64
7D58D89366 2 0 64
7D58D89367 2 0 64
7D58D89464 2 0 64
7D58D89465 2 0 64
7D58D89466 2 0 64
7D59D99365 2 0 64
7D59D99366 2 0 64
7D59D99367 2 0 64
7D59D99464 2 0 64
7D59D99465 2 0 64
7D59D99466 2 0 64
7D5ADA9365 2 0 64
7D5ADA9366 2 0 64
7D5ADA9367 2 0 64
7D5ADA9464 2 0 64
7D5ADA9465 2 0 64
7D5ADA9466 2 0 64
7D5BDB9365 2 0 64
7D5BDB9366 2 0 64
7D5BDB9367 2 0 64
7D5BDB9464 2 0 64
7D5BDB9465 2 0 64
7D5BDB9466 2 0 64
7D5CDC9365 2 0 64
7D5CDC9366 2 0 64
7D5CDC9367 2 0 64
7D5CDC9464 2 0 64
7D5CDC9465 2 0 64
7D5CDC9466 2 0 64
7D5DDD9365 2 0 64
7D5DDD9366 2 0 64
7D5DDD9367 2 0 64
7D5DDD9464 2 0 64
7D5DDD9465 2 0 64
7D5DDD9466 2 0 64
7D5EDE9365 2 0 64
7D5EDE9366 2 0 64
7D5EDE9367 2 0 64
7D5EDE9464 2 0 64
7D5EDE9465 2 0 64
7D5EDE9466 2 0 64
7D5FDF9365 2 0 64
7D5FDF9366 2 0 64
7D5FDF9367 2 0 64
7D5FDF9464 2 0 64
7D5FDF9465 2 0 64
7D5FDF9466 2 0 64
90675FA4E4 7 0 64
9067A3E35F 9 0 64
9067A45FE3 8 0 64
91665FA4E4 7 0 64
9166A3E35F 9 0 64
9166A45FE3 8 0 64
925E66E1A4 10 0 64
925F66A4E4 7 0 64
9266A3A0E4 7 0 64
9267A3A0E4 7 0 64
92A366E25F 10 0 64
92A45DE26A 6 0 64
92A45DE26B 6 0 64
92A4A1E26A 7 0 64
92A5A0E269 7 0 64
9369E0A05F 10 0 64
93A2E2665F 10 0 64
93A45F66E2 9 0 64
93A5E466A1 4 0 64
93E55E66A1 7 0 64
945E20E166 8 0 64
945EE1A366 10 0 64
945F69E0A1 10 0 64
94695FE0A0 8 0 64
9469E05FA0 10 0 64
94A35FE266 10 0 64
94A45F66E2 7 0 64
94A4A066E2 8 0 64
94A4A067E2 8 0 64
955E69E1A2 5 0 64
955E6AE1A2 5 0 64
95A169E1A2 6 0 64
95A3A0E366 9 0 64
95A3A0E367 9 0 64
95A4A066E3 6 0 64
965E6CE1A2 3 0 64
965F6AE1A2 5 0 64
96A069E1A2 6 0 64
96A16BE1A2 4 0 64
98A7E0E4A0 1 0 64
98E0A7E4A0 3 0 64
98E0E3A0A7 1 0 64
98E0E3A0EA 1 0 64
98E0E4A7A0 3 0 64
98E4E0A7A0 2 0 64
A16A5B5BE3 8 0 64
A16A5BA4E4 8 0 64
A16A5FA4E4 7 0 64
A16AA3E35F 9 0 64
A16AA3E3A4 8 0 64
A16AA45FE3 8 0 64
A16B5BA4E4 8 0 64
A25CE2695F 10 0 64
A25E6AE1A4 10 0 64
A25F6AA4E4 7 0 64
A269A25BE3 8 0 64
A269A5A0E4 7 0 64
A26AA5A0E4 7 0 64
A26CE2675F 13 0 64
A2A1E26793 11 0 64
A2A1E269A3 10 0 64
A2A1E29367 10 0 64
A2A1E29466 10 0 64
A2A1E2A46A 10 0 64
A2A36AE25F 10 0 64
A2A396E35F 9 0 64
A2EB6AA15E 3 0 64
A2EC6BA15E 2 0 64
A2ED6CA15E 1 0 64
A35B5FE269 10 0 64
A35D69E25F 10 0 64
A35D916AE1 4 0 64
A35D96E35F 9 0 64
A35EA56AE1 7 0 64
A35EA66BE1 6 0 64
A35EE16A00 7 0 64
A35EE16A01 7 0 64
A35EE16A02 7 0 64
A35EE16A03 7 0 64
A35EE16A04 7 0 64
A35EE16A05 7 0 64
A35EE16A06 7 0 64
A35EE16A07 7 0 64
A35EE16A08 7 0 64
A35EE16A09 7 0 64
A35EE16A0A 7 0 64
A35EE16A0B 7 0 64
A35EE16A0C 7 0 64
A35EE16A0D 7 0 64
A35EE16A0E 7 0 64
A35EE16A0F 7 0 64
A35EE16A20 7 0 64
A35EE16A30 7 0 64
A35EE16A55 7 0 64
A35EE16A59 7 0 64
A35EE16A5A 7 0 64
A35EE16A5B 7 0 64
A35EE16A5C 7 0 64
A35EE16A5D 7 0 64
A35EE16A5E 7 0 64
A35EE16A5F 7 0 64
A35EE16A65 7 0 64
A35EE16A66 7 0 64
A35EE16A6A 7 0 64
A35EE16A6B 7 0 64
A35EE16A6C 7 0 64
A35EE16A6E 7 0 64
A35EE16A70 7 0 64
A35EE16A75 7 0 64
A35EE16A7A 7 0 64
A35EE16A7F 7 0 64
A35EE16A80 7 0 64
A35EE16A85 7 0 64
A35EE16A8A 7 0 64
A35EE16A8F 7 0 64
A35EE16A94 7 0 64
A35EE16A95 7 0 64
A35EE16A99 7 0 64
A35EE16A9A 7 0 64
A35EE16A9B 7 0 64
A35EE16A9C 7 0 64
A35EE16A9D 7 0 64
A35EE16A9E 7 0 64
A35EE16A9F 7 0 64
A35EE16AA5 7 0 64
A35EE16AA9 7 0 64
A35EE16AAA 7 0 64
A35EE16AAB 7 0 64
A35EE16AAC 7 0 64
A35EE16AAD 7 0 64
A35EE16AAE 7 0 64
A35EE16AAF 7 0 64
A35EE16AB0 7 0 64
A35EE16AB8 7 0 64
A35EE16AC5 7 0 64
A35EE16AC6 7 0 64
A35EE16ACA 7 0 64
A35EE16ACB 7 0 64
A35EE16ACC 7 0 64
A35EE16ACE 7 0 64
A35EE16AE5 7 0 64
A35EE16AE7 7 0 64
A35EE16AE9 7 0 64
A35EE16AEA 7 0 64
A35EE16AEB 7 0 64
A35EE16AEC 7 0 64
A35EE16AED 7 0 64
A35EE16AEE 7 0 64
A35EE16AEF 7 0 64
A35EE16FA4 7 0 64
A35EE170A3 7 0 64
A35FE16AA4 9 0 64
A35FE16BA4 9 0 64
A35FE16CA3 9 0 64
A35FE19666 9 0 64
A35FE19667 9 0 64
A35FE1A669 9 0 64
A35FE1A66A 9 0 64
A3675FE191 7 0 64
A3695FE1A1 11 0 64
A36B5FE267 11 0 64
A36D67E25F 6 0 64
A3955FE2A1 10 0 64
A3A0E16893 11 0 64
A3A0E16AA3 10 0 64
A3A0E19467 10 0 64
A3A0E19566 10 0 64
A3A0E1A56A 10 0 64
A3A167E292 6 0 64
A3A169E2A2 10 0 64
A3A194E266 11 0 64
A3A1A4E26A 10 0 64
A3A1A66AE1 7 0 64
A3A1E16DA4 8 0 64
A3A1E16EA3 8 0 64
A3A1E1A76A 8 0 64
A3A2E26A5F 10 0 64
A3A45F6AE2 9 0 64
A3E069A35F 10 0 64
A3E55E6AA1 7 0 64
A3E65E6BA1 6 0 64
A45C5F69E2 9 0 64
A45D695FE2 9 0 64
A45D6A5FE2 9 0 64
A45D91E16A 7 0 64
A45D955FE3 8 0 64
A45E00E16A 7 0 64
A45E01E16A 7 0 64
A45E02E16A 7 0 64
A45E03E16A 7 0 64
A45E04E16A 7 0 64
A45E05E16A 7 0 64
A45E06E16A 7 0 64
A45E07E16A 7 0 64
A45E08E16A 7 0 64
A45E09E16A 7 0 64
A45E0AE16A 7 0 64
A45E0BE16A 7 0 64
A45E0CE16A 7 0 64
A45E0DE16A 7 0 64
A45E0EE16A 7 0 64
A45E0FE16A 7 0 64
A45E20E16A 7 0 64
A45E30E16A 7 0 64
A45E52E16A 7 0 64
A45E55E16A 7 0 64
A45E5AE16A 7 0 64
A45E5BE16A 7 0 64
A45E5CE16A 7 0 64
A45E5DE16A 7 0 64
A45E5EE16A 7 0 64
A45E5FE16A 7 0 64
A45E65E16A 7 0 64
A45E66E16A 7 0 64
A45E6AE16A 7 0 64
A45E6BE16A 7 0 64
A45E6DE16A 7 0 64
A45E6EE16A 7 0 64
A45E73E16A 7 0 64
A45E78E16A 7 0 64
A45E7DE16A 7 0 64
A45E83E16A 7 0 64
A45E88E16A 7 0 64
A45E8DE16A 7 0 64
A45E95E16A 7 0 64
A45E9AE16A 7 0 64
A45E9BE16A 7 0 64
A45E9CE16A 7 0 64
A45E9DE16A 7 0 64
A45E9EE16A 7 0 64
A45EA4E171 7 0 64
A45EA5E16A 7 0 64
A45EAAE16A 7 0 64
A45EABE16A 7 0 64
A45EACE16A 7 0 64
A45EADE16A 7 0 64
A45EAEE16A 7 0 64
A45EB0E16A 7 0 64
A45EB8E16A 7 0 64
A45EC5E16A 7 0 64
A45EC6E16A 7 0 64
A45ECAE16A 7 0 64
A45ECBE16A 7 0 64
A45ECDE16A 7 0 64
A45ECEE16A 7 0 64
A45EE1026A 5 0 64
A45EE1036A 5 0 64
A45EE1046A 5 0 64
A45EE1056A 5 0 64
A45EE1066A 5 0 64
A45EE1076A 5 0 64
A45EE1086A 5 0 64
A45EE1096A 5 0 64
A45EE10A6A 5 0 64
A45EE10B6A 5 0 64
A45EE10C6A 5 0 64
A45EE10D6A 5 0 64
A45EE10E6A 5 0 64
A45EE10F6A 5 0 64
A45EE15A6A 5 0 64
A45EE15B6A 5 0 64
A45EE15C6A 5 0 64
A45EE15D6A 5 0 64
A45EE15E6A 5 0 64
A45EE15F6A 5 0 64
A45EE16C6A 5 0 64
A45EE16D6A 5 0 64
A45EE16E6A 5 0 64
A45EE19A6A 5 0 64
A45EE19B6A 5 0 64
A45EE19C6A 5 0 64
A45EE19D6A 5 0 64
A45EE19E6A 5 0 64
A45EE19F6A 5 0 64
A45EE1A36A 10 0 64
A45EE1A56B 6 0 64
A45EE1A66E 5 0 64
A45EE1AA6A 5 0 64
A45EE1AB6A 5 0 64
A45EE1AC6A 5 0 64
A45EE1AD6A 5 0 64
A45EE1AE6A 5 0 64
A45EE1AF6A 5 0 64
A45EE1B06A 5 0 64
A45EE1CC6A 5 0 64
A45EE1CD6A 5 0 64
A45EE1CE6A 5 0 64
A45EE1E66A 5 0 64
A45EE1EA6A 5 0 64
A45EE1EB6A 5 0 64
A45EE1EC6A 5 0 64
A45EE1ED6A 5 0 64
A45EE1EE6A 5 0 64
A45EE1EF6A 5 0 64
A45EE5E16A 7 0 64
A45EE8E16A 7 0 64
A45EEAE16A 7 0 64
A45EEBE16A 7 0 64
A45EECE16A 7 0 64
A45EEDE16A 7 0 64
A45EEEE16A 7 0 64
A45FA4E16D 9 0 64
A45FE069A4 10 0 64
A45FE169A4 10 0 64
A45FE16CA6 7 0 64
A45FE1A66C 7 0 64
A4675F91E1 7 0 64
A467915FE1 7 0 64
A4695FA1E1 10 0 64
A469A15DE4 7 0 64
A469A15FE1 10 0 64
A469A16DE4 7 0 64
A46C5F67E2 6 0 64
A46D665FE2 7 0 64
A46D675FE2 6 0 64
A491675FE1 7 0 64
A492665FE1 7 0 64
A4965D5FE3 8 0 64
A4965DE2A6 6 0 64
A4965EE2A3 8 0 64
A496A0E2A2 9 0 64
A496A25FE2 9 0 64
A496A2E2A5 7 0 64
A4A067E193 6 0 64
A4A069E1A3 10 0 64
A4A094E167 11 0 64
A4A0A4E16B 10 0 64
A4A0A669E2 7 0 64
A4A0E16CA5 8 0 64
A4A0E16DA4 8 0 64
A4A0E1A66B 8 0 64
A4A16792E2 6 0 64
A4A169A2E2 9 0 64
A4A19267E2 6 0 64
A4A19366E2 6 0 64
A4A196E2A4 9 0 64
A4A1A36AE2 9 0 64
A4A1A4E16F 8 0 64
A4A1E16CA7 6 0 64
A4A1E1A56A 7 0 64
A4A1E1A66D 6 0 64
A4A26A5FE1 10 0 64
A4A35FE26A 10 0 64
A4A4A069E4 8 0 64
A4A4A06AE4 8 0 64
A4E0695FA3 10 0 64
A520A0E269 16 0 64
A55D955FE3 6 0 64
A55D95A0E3 7 0 64
A55DA0E269 7 0 64
A55E6792E1 3 0 64
A55E6AA3E1 6 0 64
A55E6BA2E1 6 0 64
A55E6BA3E1 6 0 64
A55E6CA2E1 6 0 64
A55E9267E1 3 0 64
A55E9366E1 3 0 64
A55EA36CE1 6 0 64
A55EA36DE1 6 0 64
A55EA4E171 5 0 64
A55EA4E173 3 0 64
A55EE16CA6 3 0 64
A55EE19367 3 0 64
A55EE19466 3 0 64
A55EE1A66C 3 0 64
A55F6692E1 6 0 64
A55F6792E1 5 0 64
A55F69A2E1 8 0 64
A55F6AA2E1 8 0 64
A55F9266E1 6 0 64
A55F9267E1 5 0 64
A55F9365E1 6 0 64
A55F9366E1 5 0 64
A55FA36AE1 8 0 64
A55FA36BE1 8 0 64
A55FA4E16F 7 0 64
A55FE16CA6 5 0 64
A55FE1A66C 5 0 64
A566915FE3 6 0 64
A5675F91E2 7 0 64
A567915FE3 6 0 64
A56791A0E3 7 0 64
A5695FA1E2 7 0 64
A569A15FE3 6 0 64
A569A1A0E3 7 0 64
A56AA15FE3 6 0 64
A56DA0E269 7 0 64
A582A0E269 9 0 64
A587A0E269 9 0 64
A58CA0E269 9 0 64
A591675FE3 6 0 64
A592665FE3 6 0 64
A5965D5FE3 6 0 64
A5965DA0E3 7 0 64
A5A06792E1 6 0 64
A5A069A2E1 9 0 64
A5A09267E1 6 0 64
A5A09366E1 6 0 64
A5A096E2A3 9 0 64
A5A0A36AE1 9 0 64
A5A0A4E16E 8 0 64
A5A0E16CA6 6 0 64
A5A0E1A569 7 0 64
A5A0E1A66C 6 0 64
A5A15BE269 8 0 64
A5A16692E1 5 0 64
A5A16AA2E1 7 0 64
A5A16AA3E1 7 0 64
A5A16BA2E1 7 0 64
A5A19266E1 5 0 64
A5A19365E1 5 0 64
A5A1A36BE1 7 0 64
A5A1A36CE1 7 0 64
A5A1A4E170 6 0 64
A5A1E16CA6 4 0 64
A5A1E1A66C 4 0 64
A5A26A5FE3 6 0 64
A5A3A0E369 9 0 64
A5A3A0E36A 9 0 64
A5B0A0E269 7 0 64
A65D955FE3 4 0 64
A65D95A0E3 5 0 64
A65E6792E1 1 0 64
A65E6DA3E1 4 0 64
A65E6EA2E1 4 0 64
A65E9267E1 1 0 64
A65E9366E1 1 0 64
A65E94E166 3 0 64
A65EA36FE1 4 0 64
A65EE16CA6 1 0 64
A65EE19367 1 0 64
A65EE19466 1 0 64
A65EE1A66C 1 0 64
A65F6792E1 3 0 64
A65F6BA3E1 6 0 64
A65F6CA2E1 6 0 64
A65F9267E1 3 0 64
A65F9366E1 3 0 64
A65FA36DE1 6 0 64
A65FA4E171 5 0 64
A65FA4E173 3 0 64
A65FE16CA6 3 0 64
A65FE19367 3 0 64
A65FE19466 3 0 64
A65FE1A66C 3 0 64
A6675F91E2 5 0 64
A667915FE3 4 0 64
A66AA0A1E2 6 0 64
A66AA2A0E3 5 0 64
A66B5FA1E2 5 0 64
A66BA1A0E3 5 0 64
A66BA25FE3 4 0 64
A66CA15FE3 4 0 64
A691675FE3 4 0 64
A69167A0E3 5 0 64
A692665FE3 4 0 64
A69266A0E3 5 0 64
A693A066E2 6 0 64
A6945FE266 4 0 64
A6965D5FE3 4 0 64
A6965DA0E3 5 0 64
A6A06AA3E1 7 0 64
A6A06BA2E1 7 0 64
A6A0A36CE1 7 0 64
A6A0A4E170 6 0 64
A6A0E16CA6 4 0 64
A6A0E1A66C 4 0 64
A6A16792E1 2 0 64
A6A16CA3E1 5 0 64
A6A16DA2E1 5 0 64
A6A19267E1 2 0 64
A6A19366E1 2 0 64
A6A194E166 4 0 64
A6A1A36EE1 5 0 64
A6A1A4E172 4 0 64
A6A1E16CA6 2 0 64
A6A1E1A66C 2 0 64
A6A26BA0E3 5 0 64
A6A26C5FE3 4 0 64
A6E25F69A3 7 0 64
A6E2A06AA3 6 0 64
A76AA091E1 5 0 64
A7A06BE1A2 4 0 64
A89EA0A1E2 2 0 64
A9E25F6AA4 1 0 64
A9E25F6BA3 1 0 64
C7686950D0 12 0 64
C7686951D1 12 0 64
C7686952D2 12 0 64
C7686953D3 12 0 64
C7686955D5 12 0 64
C7686956D6 12 0 64
C7686957D7 12 0 64
C7686958D8 12 0 64
C7686959D9 12 0 64
C768695ADA 12 0 64
C768695BDB 12 0 64
C768695CDC 12 0 64
C768695DDD 12 0 64
C768695EDE 12 0 64
C768695FDF 12 0 64
C7696850D0 12 0 64
C7696851D1 12 0 64
C7696852D2 12 0 64
C7696853D3 12 0 64
C7696855D5 12 0 64
C7696856D6 12 0 64
C7696857D7 12 0 64
C7696858D8 12 0 64
C7696859D9 12 0 64
C769685ADA 12 0 64
C769685BDB 12 0 64
C769685CDC 12 0 64
C769685DDD 12 0 64
C769685EDE 12 0 64
C769685FDF 12 0 64
C8676950D0 12 0 64
C8676951D1 12 0 64
C8676952D2 12 0 64
C8676953D3 12 0 64
C8676955D5 12 0 64
C8676956D6 12 0 64
C8676957D7 12 0 64
C8676958D8 12 0 64
C8676959D9 12 0 64
C867695ADA 12 0 64
C867695BDB 12 0 64
C867695CDC 12 0 64
C867695DDD 12 0 64
C867695EDE 12 0 64
C867695FDF 12 0 64
C8696750D0 12 0 64
C8696751D1 12 0 64
C8696752D2 12 0 64
C8696753D3 12 0 64
C8696755D5 12 0 64
C8696756D6 12 0 64
C8696757D7 12 0 64
C8696758D8 12 0 64
C8696759D9 12 0 64
C869675ADA 12 0 64
C869675BDB 12 0 64
C869675CDC 12 0 64
C869675DDD 12 0 64
C869675EDE 12 0 64
C869675FDF 12 0 64
C9676850D0 12 0 64
C9676851D1 12 0 64
C9676852D2 12 0 64
C9676853D3 12 0 64
C9676855D5 12 0 64
C9676856D6 12 0 64
C9676857D7 12 0 64
C9676858D8 12 0 64
C9676859D9 12 0 64
C967685ADA 12 0 64
C967685BDB 12 0 64
C967685CDC 12 0 64
C967685DDD 12 0 64
C967685EDE 12 0 64
C967685FDF 12 0 64
C9686750D0 12 0 64
C9686751D1 12 0 64
C9686752D2 12 0 64
C9686753D3 12 0 64
C9686755D5 12 0 64
C9686756D6 12 0 64
C9686757D7 12 0 64
C9686758D8 12 0 64
C9686759D9 12 0 64
C968675ADA 12 0 64
C968675BDB 12 0 64
C968675CDC 12 0 64
C968675DDD 12 0 64
C968675EDE 12 0 64
C968675FDF 12 0 64
E45F6792A0 8 0 64
E45F67A06D 8 0 64
E45F69A05D 8 0 64
E45F69A2A0 8 0 64
E45F94A099 8 0 64
E45FA05B96 8 0 64
E45FA06B98 6 0 64
E45FA4A095 8 0 64
E467E1205E 2 0 64
E467E15C5E 1 0 64
E467E16B5E 2 0 64
E467E1935E 1 0 64
E467E1945F 1 0 64
E46920A15B 7 0 64
E46920A1A4 6 0 64
E469A15FA2 8 0 64
E46A20A1A4 6 0 64
E4A3A4A697 5 0 64
E55F6692A0 7 0 64
E55F6792A0 7 0 64
E55F69A2A0 7 0 64
E55F6AA2A0 7 0 64
E55F9267A0 7 0 64
E55F9366A0 7 0 64
E55FA05B96 7 0 64
E55FA36AA0 7 0 64
E55FA4A095 7 0 64
E55FA4A096 7 0 64
E569A15FA0 8 0 64
E591675FA0 8 0 64
E592665FA0 8 0 64
E5A26A5FA0 8 0 64
E62069A2A0 7 0 64
E6209267A0 7 0 64
E6209366A0 7 0 64
E620A06793 7 0 64
E620A069A3 7 0 64
E620A36AA0 7 0 64
E65F6AA3A0 6 0 64
E65F6BA2A0 6 0 64
E65F9267A0 6 0 64
E65F9366A0 6 0 64
E65FA05B96 6 0 64
E65FA06793 6 0 64
E65FA069A3 6 0 64
E65FA36BA0 6 0 64
E65FA4A095 6 0 64
E65FA4A096 6 0 64
E65FA4A097 6 0 64
E6672091A0 8 0 64
E6679120A0 2 0 64
E667A05F91 8 0 64
E66920A1A0 8 0 64
E669A05FA1 8 0 64
E669A120A0 9 0 64
E66AA15FA0 7 0 64
E6916720A0 9 0 64
E691675FA0 7 0 64
E6926620A0 9 0 64
E692665FA0 7 0 64
E6932066A0 8 0 64
E6A26A20A0 9 0 64
E6A26B5FA0 7 0 64
E6A3206AA0 8 0 64
EA69A05FA1 4 0 64
EB6AA05FA1 3 0 64
EC6BA05FA1 2 0 64
ED6CA05FA1 1 0 64
