# program  outputs_at_2+2  halts  steps   (all proven on 65,536 input pairs)
496A50D0 16 0 64
496A51D1 16 0 64
496A52D2 16 0 64
496A54D4 16 0 64
496A55D5 16 0 64
496A56D6 16 0 64
496A57D7 16 0 64
496A58D8 16 0 64
496A59D9 16 0 64
496A5ADA 16 0 64
496A5BDB 16 0 64
496A5CDC 16 0 64
496A5DDD 16 0 64
496A5EDE 16 0 64
496A5FDF 16 0 64
4A6950D0 16 0 64
4A6951D1 16 0 64
4A6952D2 16 0 64
4A6954D4 16 0 64
4A6955D5 16 0 64
4A6956D6 16 0 64
4A6957D7 16 0 64
4A6958D8 16 0 64
4A6959D9 16 0 64
4A695ADA 16 0 64
4A695BDB 16 0 64
4A695CDC 16 0 64
4A695DDD 16 0 64
4A695EDE 16 0 64
4A695FDF 16 0 64
67E0E35F 5 0 64
68E0E35F 7 0 64
696A50D0 16 0 64
696A51D1 16 0 64
696A52D2 16 0 64
696A54D4 16 0 64
696A55D5 16 0 64
696A56D6 16 0 64
696A57D7 16 0 64
696A58D8 16 0 64
696A59D9 16 0 64
696A5ADA 16 0 64
696A5BDB 16 0 64
696A5CDC 16 0 64
696A5DDD 16 0 64
696A5EDE 16 0 64
696A5FDF 16 0 64
69E0E35F 9 0 64
6A6950D0 16 0 64
6A6951D1 16 0 64
6A6952D2 16 0 64
6A6954D4 16 0 64
6A6955D5 16 0 64
6A6956D6 16 0 64
6A6957D7 16 0 64
6A6958D8 16 0 64
6A6959D9 16 0 64
6A695ADA 16 0 64
6A695BDB 16 0 64
6A695CDC 16 0 64
6A695DDD 16 0 64
6A695EDE 16 0 64
6A695FDF 16 0 64
6AA05CE2 13 0 64
6AA0A3E2 14 0 64
6AA0A3E3 12 0 64
6AA0E1A2 14 0 64
6AA0E1A3 13 0 64
6BA05CE2 13 0 64
6BA0A3E3 12 0 64
6BA1A3E3 12 0 64
6CA0A3E3 12 0 64
96E0E3A0 8 0 64
97E0E3A0 6 0 64
A35EE16B 10 0 64
A35EE16C 10 0 64
A3A1E16B 11 0 64
A4A0E16A 11 0 64
C96A50D0 16 0 64
C96A51D1 16 0 64
C96A52D2 16 0 64
C96A54D4 16 0 64
C96A55D5 16 0 64
C96A56D6 16 0 64
C96A57D7 16 0 64
C96A58D8 16 0 64
C96A59D9 16 0 64
C96A5ADA 16 0 64
C96A5BDB 16 0 64
C96A5CDC 16 0 64
C96A5DDD 16 0 64
C96A5EDE 16 0 64
C96A5FDF 16 0 64
CA6950D0 16 0 64
CA6951D1 16 0 64
CA6952D2 16 0 64
CA6954D4 16 0 64
CA6955D5 16 0 64
CA6956D6 16 0 64
CA6957D7 16 0 64
CA6958D8 16 0 64
CA6959D9 16 0 64
CA695ADA 16 0 64
CA695BDB 16 0 64
CA695CDC 16 0 64
CA695DDD 16 0 64
CA695EDE 16 0 64
CA695FDF 16 0 64
