# program outputs_at_2+2+2 halts steps   (proven on all 16,777,216 triples)
45676850D0 12 0 64
45676851D1 12 0 64
45676852D2 12 0 64
45676853D3 12 0 64
45676855D5 12 0 64
45676856D6 12 0 64
45676857D7 12 0 64
45676858D8 12 0 64
45676859D9 12 0 64
4567685ADA 12 0 64
4567685BDB 12 0 64
4567685CDC 12 0 64
4567685DDD 12 0 64
4567685EDE 12 0 64
4567685FDF 12 0 64
45686750D0 12 0 64
45686751D1 12 0 64
45686752D2 12 0 64
45686753D3 12 0 64
45686755D5 12 0 64
45686756D6 12 0 64
45686757D7 12 0 64
45686758D8 12 0 64
45686759D9 12 0 64
4568675ADA 12 0 64
4568675BDB 12 0 64
4568675CDC 12 0 64
4568675DDD 12 0 64
4568675EDE 12 0 64
4568675FDF 12 0 64
47656850D0 12 0 64
47656851D1 12 0 64
47656852D2 12 0 64
47656853D3 12 0 64
47656855D5 12 0 64
47656856D6 12 0 64
47656857D7 12 0 64
47656858D8 12 0 64
47656859D9 12 0 64
4765685ADA 12 0 64
4765685BDB 12 0 64
4765685CDC 12 0 64
4765685DDD 12 0 64
4765685EDE 12 0 64
4765685FDF 12 0 64
47686550D0 12 0 64
47686551D1 12 0 64
47686552D2 12 0 64
47686553D3 12 0 64
47686555D5 12 0 64
47686556D6 12 0 64
47686557D7 12 0 64
47686558D8 12 0 64
47686559D9 12 0 64
4768655ADA 12 0 64
4768655BDB 12 0 64
4768655CDC 12 0 64
4768655DDD 12 0 64
4768655EDE 12 0 64
4768655FDF 12 0 64
48656750D0 12 0 64
48656751D1 12 0 64
48656752D2 12 0 64
48656753D3 12 0 64
48656755D5 12 0 64
48656756D6 12 0 64
48656757D7 12 0 64
48656758D8 12 0 64
48656759D9 12 0 64
4865675ADA 12 0 64
4865675BDB 12 0 64
4865675CDC 12 0 64
4865675DDD 12 0 64
4865675EDE 12 0 64
4865675FDF 12 0 64
48676550D0 12 0 64
48676551D1 12 0 64
48676552D2 12 0 64
48676553D3 12 0 64
48676555D5 12 0 64
48676556D6 12 0 64
48676557D7 12 0 64
48676558D8 12 0 64
48676559D9 12 0 64
4867655ADA 12 0 64
4867655BDB 12 0 64
4867655CDC 12 0 64
4867655DDD 12 0 64
4867655EDE 12 0 64
4867655FDF 12 0 64
5B68A1A4E4 7 0 64
5F6591A4E4 7 0 64
5F68A1A4E4 7 0 64
655F90A4E4 6 0 64
65676850D0 12 0 64
65676851D1 12 0 64
65676852D2 12 0 64
65676853D3 12 0 64
65676855D5 12 0 64
65676856D6 12 0 64
65676857D7 12 0 64
65676858D8 12 0 64
65676859D9 12 0 64
6567685ADA 12 0 64
6567685BDB 12 0 64
6567685CDC 12 0 64
6567685DDD 12 0 64
6567685EDE 12 0 64
6567685FDF 12 0 64
65686750D0 12 0 64
65686751D1 12 0 64
65686752D2 12 0 64
65686753D3 12 0 64
65686755D5 12 0 64
65686756D6 12 0 64
65686757D7 12 0 64
65686758D8 12 0 64
65686759D9 12 0 64
6568675ADA 12 0 64
6568675BDB 12 0 64
6568675CDC 12 0 64
6568675DDD 12 0 64
6568675EDE 12 0 64
6568675FDF 12 0 64
65E55E90A1 7 0 64
67656850D0 12 0 64
67656851D1 12 0 64
67656852D2 12 0 64
67656853D3 12 0 64
67656855D5 12 0 64
67656856D6 12 0 64
67656857D7 12 0 64
67656858D8 12 0 64
67656859D9 12 0 64
6765685ADA 12 0 64
6765685BDB 12 0 64
6765685CDC 12 0 64
6765685DDD 12 0 64
6765685EDE 12 0 64
6765685FDF 12 0 64
67686550D0 12 0 64
67686551D1 12 0 64
67686552D2 12 0 64
67686553D3 12 0 64
67686555D5 12 0 64
67686556D6 12 0 64
67686557D7 12 0 64
67686558D8 12 0 64
67686559D9 12 0 64
6768655ADA 12 0 64
6768655BDB 12 0 64
6768655CDC 12 0 64
6768655DDD 12 0 64
6768655EDE 12 0 64
6768655FDF 12 0 64
67A068A4E3 9 0 64
67A068E2A3 10 0 64
6820A0A4E4 16 0 64
685DA0A4E4 7 0 64
685FA0E1A4 10 0 64
685FE1A3A0 10 0 64
68656750D0 12 0 64
68656751D1 12 0 64
68656752D2 12 0 64
68656753D3 12 0 64
68656755D5 12 0 64
68656756D6 12 0 64
68656757D7 12 0 64
68656758D8 12 0 64
68656759D9 12 0 64
6865675ADA 12 0 64
6865675BDB 12 0 64
6865675CDC 12 0 64
6865675DDD 12 0 64
6865675EDE 12 0 64
6865675FDF 12 0 64
68676550D0 12 0 64
68676551D1 12 0 64
68676552D2 12 0 64
68676553D3 12 0 64
68676555D5 12 0 64
68676556D6 12 0 64
68676557D7 12 0 64
68676558D8 12 0 64
68676559D9 12 0 64
6867655ADA 12 0 64
6867655BDB 12 0 64
6867655CDC 12 0 64
6867655DDD 12 0 64
6867655EDE 12 0 64
6867655FDF 12 0 64
686DA0A4E4 7 0 64
6882A0A4E4 10 0 64
6887A0A4E4 10 0 64
688CA0A4E4 10 0 64
68A030E2A4 9 0 64
68A0585BE3 8 0 64
68A058E2A4 9 0 64
68A0595BE3 8 0 64
68A05D5BE3 8 0 64
68A05DE2A4 9 0 64
68A05FA4E3 9 0 64
68A05FE2A3 10 0 64
68A065A4E3 9 0 64
68A065E1A4 10 0 64
68A065E2A3 10 0 64
68A0665BE3 8 0 64
68A066E2A4 9 0 64
68A0695BE3 8 0 64
68A06AE2A2 9 0 64
68A06BA4E3 8 0 64
68A06CE2A3 9 0 64
68A06DE2A4 9 0 64
68A06E5BE3 8 0 64
68A0995BE3 8 0 64
68A099E2A4 9 0 64
68A0A35BE3 8 0 64
68A0A3E300 9 0 64
68A0A3E301 9 0 64
68A0A3E302 9 0 64
68A0A3E303 9 0 64
68A0A3E304 9 0 64
68A0A3E305 9 0 64
68A0A3E306 9 0 64
68A0A3E307 9 0 64
68A0A3E308 9 0 64
68A0A3E309 9 0 64
68A0A3E30A 9 0 64
68A0A3E30B 9 0 64
68A0A3E30C 9 0 64
68A0A3E30D 9 0 64
68A0A3E30E 9 0 64
68A0A3E30F 9 0 64
68A0A3E320 9 0 64
68A0A3E330 9 0 64
68A0A3E358 9 0 64
68A0A3E359 9 0 64
68A0A3E35A 9 0 64
68A0A3E35B 9 0 64
68A0A3E35C 9 0 64
68A0A3E35D 9 0 64
68A0A3E35E 9 0 64
68A0A3E35F 9 0 64
68A0A3E366 9 0 64
68A0A3E369 9 0 64
68A0A3E36A 9 0 64
68A0A3E36B 9 0 64
68A0A3E36D 9 0 64
68A0A3E36E 9 0 64
68A0A3E370 9 0 64
68A0A3E375 9 0 64
68A0A3E37A 9 0 64
68A0A3E37F 9 0 64
68A0A3E380 9 0 64
68A0A3E385 9 0 64
68A0A3E38A 9 0 64
68A0A3E38F 9 0 64
68A0A3E398 9 0 64
68A0A3E399 9 0 64
68A0A3E39A 9 0 64
68A0A3E39B 9 0 64
68A0A3E39C 9 0 64
68A0A3E39D 9 0 64
68A0A3E39E 9 0 64
68A0A3E39F 9 0 64
68A0A3E3A8 9 0 64
68A0A3E3A9 9 0 64
68A0A3E3AA 9 0 64
68A0A3E3AB 9 0 64
68A0A3E3AC 9 0 64
68A0A3E3AD 9 0 64
68A0A3E3AE 9 0 64
68A0A3E3AF 9 0 64
68A0A3E3B0 9 0 64
68A0A3E3B8 9 0 64
68A0A3E3C6 9 0 64
68A0A3E3C9 9 0 64
68A0A3E3CA 9 0 64
68A0A3E3CB 9 0 64
68A0A3E3CD 9 0 64
68A0A3E3CE 9 0 64
68A0A3E3E6 9 0 64
68A0A3E3E8 9 0 64
68A0A3E3E9 9 0 64
68A0A3E3EA 9 0 64
68A0A3E3EB 9 0 64
68A0A3E3EC 9 0 64
68A0A3E3ED 9 0 64
68A0A3E3EE 9 0 64
68A0A3E3EF 9 0 64
68A0A3E55C 9 0 64
68A0A400E3 8 0 64
68A0A401E3 8 0 64
68A0A402E3 8 0 64
68A0A403E3 8 0 64
68A0A404E3 8 0 64
68A0A405E3 8 0 64
68A0A406E3 8 0 64
68A0A407E3 8 0 64
68A0A408E3 8 0 64
68A0A409E3 8 0 64
68A0A40AE3 8 0 64
68A0A40BE3 8 0 64
68A0A40CE3 8 0 64
68A0A40DE3 8 0 64
68A0A40EE3 8 0 64
68A0A40FE3 8 0 64
68A0A420E3 8 0 64
68A0A430E3 8 0 64
68A0A458E3 8 0 64
68A0A459E3 8 0 64
68A0A45AE3 8 0 64
68A0A45BE3 8 0 64
68A0A45CE3 8 0 64
68A0A45DE3 8 0 64
68A0A45EE3 8 0 64
68A0A45FE3 8 0 64
68A0A466E3 8 0 64
68A0A469E3 8 0 64
68A0A46AE3 8 0 64
68A0A46CE3 8 0 64
68A0A46DE3 8 0 64
68A0A46EE3 8 0 64
68A0A474E3 8 0 64
68A0A479E3 8 0 64
68A0A47EE3 8 0 64
68A0A484E3 8 0 64
68A0A489E3 8 0 64
68A0A48EE3 8 0 64
68A0A498E3 8 0 64
68A0A499E3 8 0 64
68A0A49AE3 8 0 64
68A0A49BE3 8 0 64
68A0A49CE3 8 0 64
68A0A49DE3 8 0 64
68A0A49EE3 8 0 64
68A0A4A8E3 8 0 64
68A0A4A9E3 8 0 64
68A0A4AAE3 8 0 64
68A0A4ABE3 8 0 64
68A0A4ACE3 8 0 64
68A0A4ADE3 8 0 64
68A0A4AEE3 8 0 64
68A0A4B0E3 8 0 64
68A0A4B8E3 8 0 64
68A0A4C6E3 8 0 64
68A0A4C9E3 8 0 64
68A0A4CAE3 8 0 64
68A0A4CCE3 8 0 64
68A0A4CDE3 8 0 64
68A0A4CEE3 8 0 64
68A0A4E6E3 8 0 64
68A0A4E8E3 8 0 64
68A0A4E9E3 8 0 64
68A0A4EAE3 8 0 64
68A0A4EBE3 8 0 64
68A0A4ECE3 8 0 64
68A0A4EDE3 8 0 64
68A0A4EEE3 8 0 64
68A0A85BE3 8 0 64
68A0A8E2A4 9 0 64
68A0A95BE3 8 0 64
68A0CF5BE3 8 0 64
68A0E1A365 10 0 64
68A0E45D5D 8 0 64
68A15BA0E2 9 0 64
68A15CE2A0 10 0 64
68A1A44FE4 7 0 64
68A2EEA0A2 5 0 64
68A4A065E4 7 0 64
68B0A0A4E4 7 0 64
68E8A0A15E 6 0 64
68EAA0A15E 4 0 64
69A059A4E4 7 0 64
69A05DA4E4 7 0 64
69A05F5BE3 8 0 64
69A065A4E3 9 0 64
69A065E2A3 10 0 64
69A066A4E4 7 0 64
69A069A4E4 7 0 64
69A06B5BE3 7 0 64
69A06EA4E4 7 0 64
69A092E2A4 8 0 64
69A093E1A4 8 0 64
69A094E2A1 8 0 64
69A099A4E4 7 0 64
69A09AE2A4 9 0 64
69A0A393E3 7 0 64
69A0A3A5E4 7 0 64
69A0A44FE4 7 0 64
69A0A456E4 7 0 64
69A0A466E4 7 0 64
69A0A499E4 7 0 64
69A0A4A3E4 7 0 64
69A0A4A4E5 7 0 64
69A0A4CFE4 7 0 64
69A0A9A4E4 7 0 64
69A0CFA4E4 7 0 64
69A0E45DA2 8 0 64
69A15FA4E4 7 0 64
69A16BA4E4 6 0 64
69A19AE2A4 9 0 64
69A1A0E2A4 9 0 64
69A1A36DE3 6 0 64
69A1A465E4 7 0 64
69A1A4A0E4 7 0 64
69A2F0A0A2 4 0 64
69E9A0A15E 5 0 64
69EBA0A15E 3 0 64
6AA05FA4E4 7 0 64
6AA06BA4E4 6 0 64
6AA09AE2A4 9 0 64
6AA0A0E2A4 9 0 64
6AA0A36DE3 6 0 64
6AA0A465E4 7 0 64
6AA0A4A0E4 7 0 64
6AA1A465E4 7 0 64
6AEAA0A15E 4 0 64
6AECA0A15E 2 0 64
6BA0A465E4 7 0 64
6BEBA0A15E 3 0 64
6BEDA0A15E 1 0 64
6CECA0A15E 2 0 64
6D68A1A4E4 7 0 64
6DEDA0A15E 1 0 64
72D5926555 1 0 64
72D5936455 1 0 64
7350D09365 2 0 64
7350D09464 2 0 64
7351D19365 2 0 64
7351D19464 2 0 64
7353D39365 6 0 64
7353D39464 6 0 64
7354D49365 1 0 64
7354D49464 1 0 64
7355D59365 2 0 64
7355D59464 2 0 64
7356D69365 2 0 64
7356D69464 2 0 64
7357D79365 2 0 64
7357D79464 2 0 64
7358D89365 2 0 64
7358D89464 2 0 64
7359D99365 2 0 64
7359D99464 2 0 64
735ADA9365 2 0 64
735ADA9464 2 0 64
735BDB9365 2 0 64
735BDB9464 2 0 64
735CDC9365 2 0 64
735CDC9464 2 0 64
735DDD9365 2 0 64
735DDD9464 2 0 64
735EDE9365 2 0 64
735EDE9464 2 0 64
735FDF9365 2 0 64
735FDF9464 2 0 64
77D5926555 1 0 64
77D5936455 1 0 64
7850D09365 2 0 64
7850D09464 2 0 64
7851D19365 2 0 64
7851D19464 2 0 64
7853D39365 6 0 64
7853D39464 6 0 64
7854D49365 1 0 64
7854D49464 1 0 64
7855D59365 2 0 64
7855D59464 2 0 64
7856D69365 2 0 64
7856D69464 2 0 64
7857D79365 2 0 64
7857D79464 2 0 64
7858D89365 2 0 64
7858D89464 2 0 64
7859D99365 2 0 64
7859D99464 2 0 64
785ADA9365 2 0 64
785ADA9464 2 0 64
785BDB9365 2 0 64
785BDB9464 2 0 64
785CDC9365 2 0 64
785CDC9464 2 0 64
785DDD9365 2 0 64
785DDD9464 2 0 64
785EDE9365 2 0 64
785EDE9464 2 0 64
785FDF9365 2 0 64
785FDF9464 2 0 64
7CD5926555 1 0 64
7CD5936455 1 0 64
7D50D09365 2 0 64
7D50D09464 2 0 64
7D51D19365 2 0 64
7D51D19464 2 0 64
7D53D39365 6 0 64
7D53D39464 6 0 64
7D54D49365 1 0 64
7D54D49464 1 0 64
7D55D59365 2 0 64
7D55D59464 2 0 64
7D56D69365 2 0 64
7D56D69464 2 0 64
7D57D79365 2 0 64
7D57D79464 2 0 64
7D58D89365 2 0 64
7D58D89464 2 0 64
7D59D99365 2 0 64
7D59D99464 2 0 64
7D5ADA9365 2 0 64
7D5ADA9464 2 0 64
7D5BDB9365 2 0 64
7D5BDB9464 2 0 64
7D5CDC9365 2 0 64
7D5CDC9464 2 0 64
7D5DDD9365 2 0 64
7D5DDD9464 2 0 64
7D5EDE9365 2 0 64
7D5EDE9464 2 0 64
7D5FDF9365 2 0 64
7D5FDF9464 2 0 64
9265A3A0E4 7 0 64
92A45DE269 6 0 64
94A4A065E2 8 0 64
A1695BA4E4 8 0 64
A268A5A0E4 7 0 64
A2EA69A15E 4 0 64
A2EB6AA15E 3 0 64
A2EC6BA15E 2 0 64
A2ED6CA15E 1 0 64
A35FE169A4 9 0 64
A45D685FE2 9 0 64
A46D655FE2 8 0 64
A46D9A5FE3 8 0 64
A4A4A068E4 8 0 64
A5A0E1A668 6 0 64
A9E25F6AA4 1 0 64
A9E25F6BA3 1 0 64
C5676850D0 12 0 64
C5676851D1 12 0 64
C5676852D2 12 0 64
C5676853D3 12 0 64
C5676855D5 12 0 64
C5676856D6 12 0 64
C5676857D7 12 0 64
C5676858D8 12 0 64
C5676859D9 12 0 64
C567685ADA 12 0 64
C567685BDB 12 0 64
C567685CDC 12 0 64
C567685DDD 12 0 64
C567685EDE 12 0 64
C567685FDF 12 0 64
C5686750D0 12 0 64
C5686751D1 12 0 64
C5686752D2 12 0 64
C5686753D3 12 0 64
C5686755D5 12 0 64
C5686756D6 12 0 64
C5686757D7 12 0 64
C5686758D8 12 0 64
C5686759D9 12 0 64
C568675ADA 12 0 64
C568675BDB 12 0 64
C568675CDC 12 0 64
C568675DDD 12 0 64
C568675EDE 12 0 64
C568675FDF 12 0 64
C7656850D0 12 0 64
C7656851D1 12 0 64
C7656852D2 12 0 64
C7656853D3 12 0 64
C7656855D5 12 0 64
C7656856D6 12 0 64
C7656857D7 12 0 64
C7656858D8 12 0 64
C7656859D9 12 0 64
C765685ADA 12 0 64
C765685BDB 12 0 64
C765685CDC 12 0 64
C765685DDD 12 0 64
C765685EDE 12 0 64
C765685FDF 12 0 64
C7686550D0 12 0 64
C7686551D1 12 0 64
C7686552D2 12 0 64
C7686553D3 12 0 64
C7686555D5 12 0 64
C7686556D6 12 0 64
C7686557D7 12 0 64
C7686558D8 12 0 64
C7686559D9 12 0 64
C768655ADA 12 0 64
C768655BDB 12 0 64
C768655CDC 12 0 64
C768655DDD 12 0 64
C768655EDE 12 0 64
C768655FDF 12 0 64
C8656750D0 12 0 64
C8656751D1 12 0 64
C8656752D2 12 0 64
C8656753D3 12 0 64
C8656755D5 12 0 64
C8656756D6 12 0 64
C8656757D7 12 0 64
C8656758D8 12 0 64
C8656759D9 12 0 64
C865675ADA 12 0 64
C865675BDB 12 0 64
C865675CDC 12 0 64
C865675DDD 12 0 64
C865675EDE 12 0 64
C865675FDF 12 0 64
C8676550D0 12 0 64
C8676551D1 12 0 64
C8676552D2 12 0 64
C8676553D3 12 0 64
C8676555D5 12 0 64
C8676556D6 12 0 64
C8676557D7 12 0 64
C8676558D8 12 0 64
C8676559D9 12 0 64
C867655ADA 12 0 64
C867655BDB 12 0 64
C867655CDC 12 0 64
C867655DDD 12 0 64
C867655EDE 12 0 64
C867655FDF 12 0 64
E968A05FA1 5 0 64
EA68A163A0 2 0 64
EA69A05FA1 4 0 64
EB6AA05FA1 3 0 64
EC6BA05FA1 2 0 64
ED60A068A3 1 0 64
ED6CA05FA1 1 0 64
