# program  outputs_at_2+2  halts  steps   (all proven on 65,536 input pairs)
476950D0 16 0 64
476951D1 16 0 64
476952D2 16 0 64
476954D4 16 0 64
476955D5 16 0 64
476956D6 16 0 64
476957D7 16 0 64
476958D8 16 0 64
476959D9 16 0 64
47695ADA 16 0 64
47695BDB 16 0 64
47695CDC 16 0 64
47695DDD 16 0 64
47695EDE 16 0 64
47695FDF 16 0 64
496750D0 16 0 64
496751D1 16 0 64
496752D2 16 0 64
496754D4 16 0 64
496755D5 16 0 64
496756D6 16 0 64
496757D7 16 0 64
496758D8 16 0 64
496759D9 16 0 64
49675ADA 16 0 64
49675BDB 16 0 64
49675CDC 16 0 64
49675DDD 16 0 64
49675EDE 16 0 64
49675FDF 16 0 64
676950D0 16 0 64
676951D1 16 0 64
676952D2 16 0 64
676954D4 16 0 64
676955D5 16 0 64
676956D6 16 0 64
676957D7 16 0 64
676958D8 16 0 64
676959D9 16 0 64
67695ADA 16 0 64
67695BDB 16 0 64
67695CDC 16 0 64
67695DDD 16 0 64
67695EDE 16 0 64
67695FDF 16 0 64
67E0E35F 5 0 64
696750D0 16 0 64
696751D1 16 0 64
696752D2 16 0 64
696754D4 16 0 64
696755D5 16 0 64
696756D6 16 0 64
696757D7 16 0 64
696758D8 16 0 64
696759D9 16 0 64
69675ADA 16 0 64
69675BDB 16 0 64
69675CDC 16 0 64
69675DDD 16 0 64
69675EDE 16 0 64
69675FDF 16 0 64
69A05CE2 13 0 64
69A0A3E3 12 0 64
6AA0A3E3 12 0 64
A35EE16A 10 0 64
C76950D0 16 0 64
C76951D1 16 0 64
C76952D2 16 0 64
C76954D4 16 0 64
C76955D5 16 0 64
C76956D6 16 0 64
C76957D7 16 0 64
C76958D8 16 0 64
C76959D9 16 0 64
C7695ADA 16 0 64
C7695BDB 16 0 64
C7695CDC 16 0 64
C7695DDD 16 0 64
C7695EDE 16 0 64
C7695FDF 16 0 64
C96750D0 16 0 64
C96751D1 16 0 64
C96752D2 16 0 64
C96754D4 16 0 64
C96755D5 16 0 64
C96756D6 16 0 64
C96757D7 16 0 64
C96758D8 16 0 64
C96759D9 16 0 64
C9675ADA 16 0 64
C9675BDB 16 0 64
C9675CDC 16 0 64
C9675DDD 16 0 64
C9675EDE 16 0 64
C9675FDF 16 0 64
