# program outputs_at_2+2+2 halts steps   (proven on all 16,777,216 triples)
46676850D0 12 0 64
46676851D1 12 0 64
46676852D2 12 0 64
46676853D3 12 0 64
46676855D5 12 0 64
46676856D6 12 0 64
46676857D7 12 0 64
46676858D8 12 0 64
46676859D9 12 0 64
4667685ADA 12 0 64
4667685BDB 12 0 64
4667685CDC 12 0 64
4667685DDD 12 0 64
4667685EDE 12 0 64
4667685FDF 12 0 64
46686750D0 12 0 64
46686751D1 12 0 64
46686752D2 12 0 64
46686753D3 12 0 64
46686755D5 12 0 64
46686756D6 12 0 64
46686757D7 12 0 64
46686758D8 12 0 64
46686759D9 12 0 64
4668675ADA 12 0 64
4668675BDB 12 0 64
4668675CDC 12 0 64
4668675DDD 12 0 64
4668675EDE 12 0 64
4668675FDF 12 0 64
47666850D0 12 0 64
47666851D1 12 0 64
47666852D2 12 0 64
47666853D3 12 0 64
47666855D5 12 0 64
47666856D6 12 0 64
47666857D7 12 0 64
47666858D8 12 0 64
47666859D9 12 0 64
4766685ADA 12 0 64
4766685BDB 12 0 64
4766685CDC 12 0 64
4766685DDD 12 0 64
4766685EDE 12 0 64
4766685FDF 12 0 64
47686650D0 12 0 64
47686651D1 12 0 64
47686652D2 12 0 64
47686653D3 12 0 64
47686655D5 12 0 64
47686656D6 12 0 64
47686657D7 12 0 64
47686658D8 12 0 64
47686659D9 12 0 64
4768665ADA 12 0 64
4768665BDB 12 0 64
4768665CDC 12 0 64
4768665DDD 12 0 64
4768665EDE 12 0 64
4768665FDF 12 0 64
48666750D0 12 0 64
48666751D1 12 0 64
48666752D2 12 0 64
48666753D3 12 0 64
48666755D5 12 0 64
48666756D6 12 0 64
48666757D7 12 0 64
48666758D8 12 0 64
48666759D9 12 0 64
4866675ADA 12 0 64
4866675BDB 12 0 64
4866675CDC 12 0 64
4866675DDD 12 0 64
4866675EDE 12 0 64
4866675FDF 12 0 64
48676650D0 12 0 64
48676651D1 12 0 64
48676652D2 12 0 64
48676653D3 12 0 64
48676655D5 12 0 64
48676656D6 12 0 64
48676657D7 12 0 64
48676658D8 12 0 64
48676659D9 12 0 64
4867665ADA 12 0 64
4867665BDB 12 0 64
4867665CDC 12 0 64
4867665DDD 12 0 64
4867665EDE 12 0 64
4867665FDF 12 0 64
5573D59365 1 0 64
5573D59366 1 0 64
5573D59464 1 0 64
5573D59465 1 0 64
5578D59365 1 0 64
5578D59366 1 0 64
5578D59464 1 0 64
5578D59465 1 0 64
557DD59365 1 0 64
557DD59366 1 0 64
557DD59464 1 0 64
557DD59465 1 0 64
5B68A15BE3 8 0 64
5B68A1A4E4 7 0 64
5B69A1A4E4 7 0 64
5CA45DE269 6 0 64
5D5FA5E068 10 0 64
5EA4E06860 10 0 64
5EA55FE068 10 0 64
5F6591A4E4 7 0 64
5F66915BE3 8 0 64
5F6691A4E4 7 0 64
5F66A3E391 9 0 64
5F66A491E3 8 0 64
5F68A15BE3 8 0 64
5F68A1A4E4 7 0 64
5F68A3E3A1 9 0 64
5F68A4A1E3 8 0 64
5F69A1A4E4 7 0 64
5F9166A4E4 7 0 64
5F9265A4E4 7 0 64
5F93A465E3 8 0 64
5F93A499E4 7 0 64
5F9468E1A1 9 0 64
5F94A3E365 9 0 64
5FA269A4E4 7 0 64
5FA35BE368 9 0 64
5FA36BE366 9 0 64
5FA3A469E3 8 0 64
5FA45C68E3 8 0 64
5FA45DE269 6 0 64
5FA46C66E3 6 0 64
5FA46C99E4 6 0 64
5FA4A3E369 9 0 64
5FA4E168A4 9 0 64
655F90A4E4 6 0 64
65E55E90A1 7 0 64
665E90E1A4 10 0 64
665EE1A390 10 0 64
665F905BE3 6 0 64
665F90A4E4 5 0 64
665FA3E390 9 0 64
665FA490E3 8 0 64
66676850D0 12 0 64
66676851D1 12 0 64
66676852D2 12 0 64
66676853D3 12 0 64
66676855D5 12 0 64
66676856D6 12 0 64
66676857D7 12 0 64
66676858D8 12 0 64
66676859D9 12 0 64
6667685ADA 12 0 64
6667685BDB 12 0 64
6667685CDC 12 0 64
6667685DDD 12 0 64
6667685EDE 12 0 64
6667685FDF 12 0 64
66686750D0 12 0 64
66686751D1 12 0 64
66686752D2 12 0 64
66686753D3 12 0 64
66686755D5 12 0 64
66686756D6 12 0 64
66686757D7 12 0 64
66686758D8 12 0 64
66686759D9 12 0 64
6668675ADA 12 0 64
6668675BDB 12 0 64
6668675CDC 12 0 64
6668675DDD 12 0 64
6668675EDE 12 0 64
6668675FDF 12 0 64
66905FA4E4 7 0 64
66A2E25F90 10 0 64
66A2E2905F 10 0 64
66A35FE290 10 0 64
66A390E25F 10 0 64
66A45F90E2 9 0 64
66A4905FE2 9 0 64
66A55D90E2 5 0 64
66A65E90E2 5 0 64
66E45E90A1 8 0 64
66E45EA16F 8 0 64
66E55E90A1 7 0 64
66E65E90A1 6 0 64
67666850D0 12 0 64
67666851D1 12 0 64
67666852D2 12 0 64
67666853D3 12 0 64
67666855D5 12 0 64
67666856D6 12 0 64
67666857D7 12 0 64
67666858D8 12 0 64
67666859D9 12 0 64
6766685ADA 12 0 64
6766685BDB 12 0 64
6766685CDC 12 0 64
6766685DDD 12 0 64
6766685EDE 12 0 64
6766685FDF 12 0 64
67686650D0 12 0 64
67686651D1 12 0 64
67686652D2 12 0 64
67686653D3 12 0 64
67686655D5 12 0 64
67686656D6 12 0 64
67686657D7 12 0 64
67686658D8 12 0 64
67686659D9 12 0 64
6768665ADA 12 0 64
6768665BDB 12 0 64
6768665CDC 12 0 64
6768665DDD 12 0 64
6768665EDE 12 0 64
6768665FDF 12 0 64
67A068A4E3 9 0 64
67A068E1A4 10 0 64
67A068E2A3 10 0 64
67A0E1A368 10 0 64
67A4A068E4 7 0 64
6820A05BE3 18 0 64
6820A0A4E4 16 0 64
6858A0A4E4 7 0 64
6859A0A4E4 7 0 64
685AA0A4E4 7 0 64
685BA0A4E4 8 0 64
685DA05BE3 8 0 64
685DA0A4E4 7 0 64
685EA0A4E4 7 0 64
685EA0E1A4 10 0 64
685EE1A3A0 10 0 64
685F94E29F 4 0 64
685FA0A4E4 7 0 64
685FA3E3A0 9 0 64
685FA4A0E3 8 0 64
6865A0A4E4 7 0 64
68666750D0 12 0 64
68666751D1 12 0 64
68666752D2 12 0 64
68666753D3 12 0 64
68666755D5 12 0 64
68666756D6 12 0 64
68666757D7 12 0 64
68666758D8 12 0 64
68666759D9 12 0 64
6866675ADA 12 0 64
6866675BDB 12 0 64
6866675CDC 12 0 64
6866675DDD 12 0 64
6866675EDE 12 0 64
6866675FDF 12 0 64
68676650D0 12 0 64
68676651D1 12 0 64
68676652D2 12 0 64
68676653D3 12 0 64
68676655D5 12 0 64
68676656D6 12 0 64
68676657D7 12 0 64
68676658D8 12 0 64
68676659D9 12 0 64
6867665ADA 12 0 64
6867665BDB 12 0 64
6867665CDC 12 0 64
6867665DDD 12 0 64
6867665EDE 12 0 64
6867665FDF 12 0 64
6869A0A4E4 7 0 64
686AA0A4E4 7 0 64
686DA05BE3 8 0 64
686DA0A4E4 7 0 64
686EA0A4E4 7 0 64
686FA0A4E4 7 0 64
6872A0A4E4 7 0 64
6877A0A4E4 7 0 64
687CA0A4E4 7 0 64
6882A05BE3 11 0 64
6882A0A4E4 10 0 64
6887A05BE3 11 0 64
6887A0A4E4 10 0 64
688CA05BE3 11 0 64
688CA0A4E4 10 0 64
6894A020E0 9 0 64
689AA0A4E4 7 0 64
68A030E2A4 9 0 64
68A055A4E3 9 0 64
68A055E2A3 10 0 64
68A0585BE3 8 0 64
68A058A4E3 9 0 64
68A058E2A3 10 0 64
68A058E2A4 9 0 64
68A0595BE3 8 0 64
68A05AA4E3 9 0 64
68A05AE2A3 10 0 64
68A05B00E2 9 0 64
68A05B01E2 9 0 64
68A05B02E2 9 0 64
68A05B03E2 9 0 64
68A05B04E2 9 0 64
68A05B05E2 9 0 64
68A05B06E2 9 0 64
68A05B07E2 9 0 64
68A05B08E2 9 0 64
68A05B09E2 9 0 64
68A05B0AE2 9 0 64
68A05B0BE2 9 0 64
68A05B0CE2 9 0 64
68A05B0DE2 9 0 64
68A05B0EE2 9 0 64
68A05B0FE2 9 0 64
68A05B20E2 9 0 64
68A05B30E2 9 0 64
68A05B55E2 9 0 64
68A05B58E2 9 0 64
68A05B59E2 9 0 64
68A05B5AE2 9 0 64
68A05B5BE2 9 0 64
68A05B5CE2 9 0 64
68A05B5DE2 9 0 64
68A05B5EE2 9 0 64
68A05B5FE2 9 0 64
68A05B65E2 9 0 64
68A05B69E2 9 0 64
68A05B6AE2 9 0 64
68A05B6CE2 9 0 64
68A05B6DE2 9 0 64
68A05B6EE2 9 0 64
68A05B74E2 9 0 64
68A05B79E2 9 0 64
68A05B7EE2 9 0 64
68A05B84E2 9 0 64
68A05B89E2 9 0 64
68A05B8EE2 9 0 64
68A05B95E2 9 0 64
68A05B98E2 9 0 64
68A05B99E2 9 0 64
68A05B9AE2 9 0 64
68A05B9BE2 9 0 64
68A05B9CE2 9 0 64
68A05B9DE2 9 0 64
68A05B9EE2 9 0 64
68A05BA5E2 9 0 64
68A05BA8E2 9 0 64
68A05BA9E2 9 0 64
68A05BAAE2 9 0 64
68A05BABE2 9 0 64
68A05BACE2 9 0 64
68A05BADE2 9 0 64
68A05BAEE2 9 0 64
68A05BB0E2 9 0 64
68A05BB8E2 9 0 64
68A05BC5E2 9 0 64
68A05BC9E2 9 0 64
68A05BCAE2 9 0 64
68A05BCCE2 9 0 64
68A05BCDE2 9 0 64
68A05BCEE2 9 0 64
68A05BE5E2 9 0 64
68A05BE6E2 9 0 64
68A05BE8E2 9 0 64
68A05BE9E2 9 0 64
68A05BEAE2 9 0 64
68A05BEBE2 9 0 64
68A05BECE2 9 0 64
68A05BEDE2 9 0 64
68A05BEEE2 9 0 64
68A05CE200 10 0 64
68A05CE201 10 0 64
68A05CE202 10 0 64
68A05CE203 10 0 64
68A05CE204 10 0 64
68A05CE205 10 0 64
68A05CE206 10 0 64
68A05CE207 10 0 64
68A05CE208 10 0 64
68A05CE209 10 0 64
68A05CE20A 10 0 64
68A05CE20B 10 0 64
68A05CE20C 10 0 64
68A05CE20D 10 0 64
68A05CE20E 10 0 64
68A05CE20F 10 0 64
68A05CE220 10 0 64
68A05CE230 10 0 64
68A05CE255 10 0 64
68A05CE258 10 0 64
68A05CE259 10 0 64
68A05CE25A 10 0 64
68A05CE25B 10 0 64
68A05CE25C 10 0 64
68A05CE25D 10 0 64
68A05CE25E 10 0 64
68A05CE25F 10 0 64
68A05CE265 10 0 64
68A05CE269 10 0 64
68A05CE26A 10 0 64
68A05CE26B 10 0 64
68A05CE26D 10 0 64
68A05CE26E 10 0 64
68A05CE270 10 0 64
68A05CE275 10 0 64
68A05CE27A 10 0 64
68A05CE27F 10 0 64
68A05CE280 10 0 64
68A05CE285 10 0 64
68A05CE28A 10 0 64
68A05CE28F 10 0 64
68A05CE294 10 0 64
68A05CE295 10 0 64
68A05CE298 10 0 64
68A05CE299 10 0 64
68A05CE29A 10 0 64
68A05CE29B 10 0 64
68A05CE29C 10 0 64
68A05CE29D 10 0 64
68A05CE29E 10 0 64
68A05CE29F 10 0 64
68A05CE2A4 8 0 64
68A05CE2A5 10 0 64
68A05CE2A8 10 0 64
68A05CE2A9 10 0 64
68A05CE2AA 10 0 64
68A05CE2AB 10 0 64
68A05CE2AC 10 0 64
68A05CE2AD 10 0 64
68A05CE2AE 10 0 64
68A05CE2AF 10 0 64
68A05CE2B0 10 0 64
68A05CE2B8 10 0 64
68A05CE2C5 10 0 64
68A05CE2C9 10 0 64
68A05CE2CA 10 0 64
68A05CE2CB 10 0 64
68A05CE2CD 10 0 64
68A05CE2CE 10 0 64
68A05CE2E5 10 0 64
68A05CE2E6 10 0 64
68A05CE2E8 10 0 64
68A05CE2E9 10 0 64
68A05CE2EA 10 0 64
68A05CE2EB 10 0 64
68A05CE2EC 10 0 64
68A05CE2ED 10 0 64
68A05CE2EE 10 0 64
68A05CE2EF 10 0 64
68A05D5BE3 8 0 64
68A05DA4E3 9 0 64
68A05DE2A3 10 0 64
68A05DE2A4 9 0 64
68A0655BE3 8 0 64
68A065A4E3 9 0 64
68A065E2A3 10 0 64
68A065E2A4 9 0 64
68A066E1A4 10 0 64
68A0695BE3 8 0 64
68A06AA4E3 9 0 64
68A06AE2A2 9 0 64
68A06AE2A3 10 0 64
68A06BA4E3 8 0 64
68A06CE2A3 9 0 64
68A06DE2A4 9 0 64
68A06E5BE3 8 0 64
68A06EA4E3 9 0 64
68A06EE2A3 10 0 64
68A06FA4E4 7 0 64
68A092A4E3 9 0 64
68A092E2A3 10 0 64
68A093A3E3 9 0 64
68A093E1A3 10 0 64
68A094A4E2 9 0 64
68A094E2A2 10 0 64
68A095A4E3 9 0 64
68A095E2A3 10 0 64
68A09A5BE3 8 0 64
68A09AA4E3 9 0 64
68A09AE2A3 10 0 64
68A09AE2A4 9 0 64
68A0A2A4E3 9 0 64
68A0A2E2A3 10 0 64
68A0A35BE3 8 0 64
68A0A3A5E3 9 0 64
68A0A3E300 9 0 64
68A0A3E301 9 0 64
68A0A3E302 9 0 64
68A0A3E303 9 0 64
68A0A3E304 9 0 64
68A0A3E305 9 0 64
68A0A3E306 9 0 64
68A0A3E307 9 0 64
68A0A3E308 9 0 64
68A0A3E309 9 0 64
68A0A3E30A 9 0 64
68A0A3E30B 9 0 64
68A0A3E30C 9 0 64
68A0A3E30D 9 0 64
68A0A3E30E 9 0 64
68A0A3E30F 9 0 64
68A0A3E320 9 0 64
68A0A3E330 9 0 64
68A0A3E358 9 0 64
68A0A3E359 9 0 64
68A0A3E35A 9 0 64
68A0A3E35B 9 0 64
68A0A3E35C 9 0 64
68A0A3E35D 9 0 64
68A0A3E35E 9 0 64
68A0A3E35F 9 0 64
68A0A3E365 9 0 64
68A0A3E369 9 0 64
68A0A3E36A 9 0 64
68A0A3E36B 9 0 64
68A0A3E36D 9 0 64
68A0A3E36E 9 0 64
68A0A3E370 9 0 64
68A0A3E375 9 0 64
68A0A3E37A 9 0 64
68A0A3E37F 9 0 64
68A0A3E380 9 0 64
68A0A3E385 9 0 64
68A0A3E38A 9 0 64
68A0A3E38F 9 0 64
68A0A3E398 9 0 64
68A0A3E399 9 0 64
68A0A3E39A 9 0 64
68A0A3E39B 9 0 64
68A0A3E39C 9 0 64
68A0A3E39D 9 0 64
68A0A3E39E 9 0 64
68A0A3E39F 9 0 64
68A0A3E3A3 10 0 64
68A0A3E3A8 9 0 64
68A0A3E3A9 9 0 64
68A0A3E3AA 9 0 64
68A0A3E3AB 9 0 64
68A0A3E3AC 9 0 64
68A0A3E3AD 9 0 64
68A0A3E3AE 9 0 64
68A0A3E3AF 9 0 64
68A0A3E3B0 9 0 64
68A0A3E3B8 9 0 64
68A0A3E3C5 9 0 64
68A0A3E3C9 9 0 64
68A0A3E3CA 9 0 64
68A0A3E3CB 9 0 64
68A0A3E3CD 9 0 64
68A0A3E3CE 9 0 64
68A0A3E3E2 8 0 64
68A0A3E3E6 9 0 64
68A0A3E3E8 9 0 64
68A0A3E3E9 9 0 64
68A0A3E3EA 9 0 64
68A0A3E3EB 9 0 64
68A0A3E3EC 9 0 64
68A0A3E3ED 9 0 64
68A0A3E3EE 9 0 64
68A0A3E3EF 9 0 64
68A0A3E55C 9 0 64
68A0A400E3 8 0 64
68A0A401E3 8 0 64
68A0A402E3 8 0 64
68A0A403E3 8 0 64
68A0A404E3 8 0 64
68A0A405E3 8 0 64
68A0A406E3 8 0 64
68A0A407E3 8 0 64
68A0A408E3 8 0 64
68A0A409E3 8 0 64
68A0A40AE3 8 0 64
68A0A40BE3 8 0 64
68A0A40CE3 8 0 64
68A0A40DE3 8 0 64
68A0A40EE3 8 0 64
68A0A40FE3 8 0 64
68A0A420E3 8 0 64
68A0A430E3 8 0 64
68A0A458E3 8 0 64
68A0A459E3 8 0 64
68A0A45AE3 8 0 64
68A0A45BE3 8 0 64
68A0A45BE4 8 0 64
68A0A45CE3 8 0 64
68A0A45DE3 8 0 64
68A0A45EE3 8 0 64
68A0A45FE3 8 0 64
68A0A465E3 8 0 64
68A0A469E3 8 0 64
68A0A46AE3 8 0 64
68A0A46CE3 8 0 64
68A0A46DE3 8 0 64
68A0A46EE3 8 0 64
68A0A474E3 8 0 64
68A0A479E3 8 0 64
68A0A47EE3 8 0 64
68A0A484E3 8 0 64
68A0A489E3 8 0 64
68A0A48EE3 8 0 64
68A0A498E3 8 0 64
68A0A499E3 8 0 64
68A0A49AE3 8 0 64
68A0A49BE3 8 0 64
68A0A49CE3 8 0 64
68A0A49DE3 8 0 64
68A0A49EE3 8 0 64
68A0A4A4E4 9 0 64
68A0A4A8E3 8 0 64
68A0A4A9E3 8 0 64
68A0A4AAE3 8 0 64
68A0A4ABE3 8 0 64
68A0A4ACE3 8 0 64
68A0A4ADE3 8 0 64
68A0A4AEE3 8 0 64
68A0A4B0E3 8 0 64
68A0A4B8E3 8 0 64
68A0A4C5E3 8 0 64
68A0A4C9E3 8 0 64
68A0A4CAE3 8 0 64
68A0A4CCE3 8 0 64
68A0A4CDE3 8 0 64
68A0A4CEE3 8 0 64
68A0A4E2A4 10 0 64
68A0A4E2E3 7 0 64
68A0A4E6E3 8 0 64
68A0A4E8E3 8 0 64
68A0A4E9E3 8 0 64
68A0A4EAE3 8 0 64
68A0A4EBE3 8 0 64
68A0A4ECE3 8 0 64
68A0A4EDE3 8 0 64
68A0A4EEE3 8 0 64
68A0A5A4E3 9 0 64
68A0A5E2A3 10 0 64
68A0A85BE3 8 0 64
68A0A8A4E3 9 0 64
68A0A8E2A3 10 0 64
68A0A8E2A4 9 0 64
68A0A95BE3 8 0 64
68A0AAA4E3 9 0 64
68A0AAE2A3 10 0 64
68A0CF5BE3 8 0 64
68A0CFA4E3 9 0 64
68A0CFE2A3 10 0 64
68A0E1A366 10 0 64
68A0E1A3E1 10 0 64
68A0E1E1A4 10 0 64
68A0E35DA2 8 0 64
68A0E45D5D 8 0 64
68A1A0A4E3 9 0 64
68A1A0E2A3 10 0 64
68A1A44FE4 7 0 64
68A2E25FA0 10 0 64
68A2E2A05F 10 0 64
68A2EEA0A2 5 0 64
68A35FE2A0 10 0 64
68A3A06EE3 6 0 64
68A3A0E25F 10 0 64
68A3A3ECA0 5 0 64
68A45FA0E2 9 0 64
68A4A05CE4 7 0 64
68A4A05FE2 9 0 64
68A8A0A4E4 7 0 64
68A9A0A4E4 7 0 64
68AAA0A4E4 7 0 64
68B0A05BE3 8 0 64
68B0A0A4E4 7 0 64
68CFA0A4E4 7 0 64
68E3A05BE4 7 0 64
68E3A45FE4 7 0 64
68E420A0A1 10 0 64
68E45EA0A1 8 0 64
68E45EA15F 7 0 64
68E5A220A0 10 0 64
68E8A0A15E 6 0 64
68EAA0A15E 4 0 64
6920A0A4E4 16 0 64
695DA0A4E4 7 0 64
696DA0A4E4 7 0 64
6982A0A4E4 10 0 64
6987A0A4E4 10 0 64
698CA0A4E4 10 0 64
699FA491E4 7 0 64
69A030E2A4 9 0 64
69A0555BE3 8 0 64
69A055E2A4 9 0 64
69A059A4E4 7 0 64
69A05A5BE3 8 0 64
69A05AE2A4 9 0 64
69A05D5BE3 8 0 64
69A05DA4E4 7 0 64
69A05DE2A4 9 0 64
69A0655BE3 8 0 64
69A065A4E4 7 0 64
69A065E2A4 9 0 64
69A066A4E3 9 0 64
69A066E2A3 10 0 64
69A069A4E4 7 0 64
69A06A5BE3 8 0 64
69A06AE2A2 9 0 64
69A06AE2A4 9 0 64
69A06B5BE3 7 0 64
69A06BA4E3 8 0 64
69A06CE2A3 9 0 64
69A06DE2A4 9 0 64
69A06E5BE3 8 0 64
69A06EA4E4 7 0 64
69A0925CE3 8 0 64
69A092E2A4 8 0 64
69A0935BE3 8 0 64
69A093E1A4 8 0 64
69A094E2A1 8 0 64
69A0955BE3 8 0 64
69A095E2A4 9 0 64
69A09A5BE3 8 0 64
69A09AA4E4 7 0 64
69A09AE2A4 9 0 64
69A0A35BE3 8 0 64
69A0A393E3 7 0 64
69A0A3A5E4 7 0 64
69A0A3E300 9 0 64
69A0A3E301 9 0 64
69A0A3E302 9 0 64
69A0A3E303 9 0 64
69A0A3E304 9 0 64
69A0A3E305 9 0 64
69A0A3E306 9 0 64
69A0A3E307 9 0 64
69A0A3E308 9 0 64
69A0A3E309 9 0 64
69A0A3E30A 9 0 64
69A0A3E30B 9 0 64
69A0A3E30C 9 0 64
69A0A3E30D 9 0 64
69A0A3E30E 9 0 64
69A0A3E30F 9 0 64
69A0A3E320 9 0 64
69A0A3E330 9 0 64
69A0A3E354 9 0 64
69A0A3E355 9 0 64
69A0A3E359 9 0 64
69A0A3E35A 9 0 64
69A0A3E35B 9 0 64
69A0A3E35C 9 0 64
69A0A3E35D 9 0 64
69A0A3E35E 9 0 64
69A0A3E35F 9 0 64
69A0A3E365 9 0 64
69A0A3E369 9 0 64
69A0A3E36A 9 0 64
69A0A3E36B 9 0 64
69A0A3E36D 9 0 64
69A0A3E36E 9 0 64
69A0A3E370 9 0 64
69A0A3E375 9 0 64
69A0A3E37A 9 0 64
69A0A3E37F 9 0 64
69A0A3E380 9 0 64
69A0A3E385 9 0 64
69A0A3E38A 9 0 64
69A0A3E38F 9 0 64
69A0A3E394 9 0 64
69A0A3E395 9 0 64
69A0A3E399 9 0 64
69A0A3E39A 9 0 64
69A0A3E39B 9 0 64
69A0A3E39C 9 0 64
69A0A3E39D 9 0 64
69A0A3E39E 9 0 64
69A0A3E39F 9 0 64
69A0A3E3A5 9 0 64
69A0A3E3A9 9 0 64
69A0A3E3AA 9 0 64
69A0A3E3AB 9 0 64
69A0A3E3AC 9 0 64
69A0A3E3AD 9 0 64
69A0A3E3AE 9 0 64
69A0A3E3AF 9 0 64
69A0A3E3B0 9 0 64
69A0A3E3B8 9 0 64
69A0A3E3C5 9 0 64
69A0A3E3C9 9 0 64
69A0A3E3CA 9 0 64
69A0A3E3CB 9 0 64
69A0A3E3CD 9 0 64
69A0A3E3CE 9 0 64
69A0A3E3E5 9 0 64
69A0A3E3E7 9 0 64
69A0A3E3E9 9 0 64
69A0A3E3EA 9 0 64
69A0A3E3EB 9 0 64
69A0A3E3EC 9 0 64
69A0A3E3ED 9 0 64
69A0A3E3EE 9 0 64
69A0A3E3EF 9 0 64
69A0A3E55C 9 0 64
69A0A400E3 8 0 64
69A0A401E3 8 0 64
69A0A402E3 8 0 64
69A0A403E3 8 0 64
69A0A404E3 8 0 64
69A0A405E3 8 0 64
69A0A406E3 8 0 64
69A0A407E3 8 0 64
69A0A408E3 8 0 64
69A0A409E3 8 0 64
69A0A40AE3 8 0 64
69A0A40BE3 8 0 64
69A0A40CE3 8 0 64
69A0A40DE3 8 0 64
69A0A40EE3 8 0 64
69A0A40FE3 8 0 64
69A0A420E3 8 0 64
69A0A430E3 8 0 64
69A0A44FE4 7 0 64
69A0A453E3 8 0 64
69A0A455E3 8 0 64
69A0A455E4 7 0 64
69A0A459E3 8 0 64
69A0A45AE3 8 0 64
69A0A45BE3 8 0 64
69A0A45CE3 8 0 64
69A0A45DE3 8 0 64
69A0A45EE3 8 0 64
69A0A45FE3 8 0 64
69A0A465E3 8 0 64
69A0A465E4 7 0 64
69A0A469E3 8 0 64
69A0A46AE3 8 0 64
69A0A46CE3 8 0 64
69A0A46DE3 8 0 64
69A0A46EE3 8 0 64
69A0A474E3 8 0 64
69A0A479E3 8 0 64
69A0A47EE3 8 0 64
69A0A484E3 8 0 64
69A0A489E3 8 0 64
69A0A48EE3 8 0 64
69A0A495E3 8 0 64
69A0A499E3 8 0 64
69A0A49AE3 8 0 64
69A0A49AE4 7 0 64
69A0A49BE3 8 0 64
69A0A49CE3 8 0 64
69A0A49DE3 8 0 64
69A0A49EE3 8 0 64
69A0A4A3E4 7 0 64
69A0A4A4E5 7 0 64
69A0A4A5E3 8 0 64
69A0A4A9E3 8 0 64
69A0A4AAE3 8 0 64
69A0A4ABE3 8 0 64
69A0A4ACE3 8 0 64
69A0A4ADE3 8 0 64
69A0A4AEE3 8 0 64
69A0A4B0E3 8 0 64
69A0A4B8E3 8 0 64
69A0A4C5E3 8 0 64
69A0A4C9E3 8 0 64
69A0A4CAE3 8 0 64
69A0A4CCE3 8 0 64
69A0A4CDE3 8 0 64
69A0A4CEE3 8 0 64
69A0A4CFE4 7 0 64
69A0A4E5E3 8 0 64
69A0A4E7E3 8 0 64
69A0A4E9E3 8 0 64
69A0A4EAE3 8 0 64
69A0A4EBE3 8 0 64
69A0A4ECE3 8 0 64
69A0A4EDE3 8 0 64
69A0A4EEE3 8 0 64
69A0A55BE3 8 0 64
69A0A5E2A4 9 0 64
69A0A9A4E4 7 0 64
69A0AA5BE3 8 0 64
69A0AAE2A4 9 0 64
69A0CF5BE3 8 0 64
69A0CFA4E4 7 0 64
69A0E45D5D 8 0 64
69A0E45DA2 8 0 64
69A155A4E4 7 0 64
69A15AA4E4 7 0 64
69A15DA4E4 7 0 64
69A165A4E4 7 0 64
69A16AA4E4 7 0 64
69A16B5BE3 7 0 64
69A16BA4E4 6 0 64
69A16EA4E4 7 0 64
69A192A4E4 7 0 64
69A192E2A4 8 0 64
69A193A3E4 7 0 64
69A193E1A4 8 0 64
69A194E2A1 8 0 64
69A195A4E4 7 0 64
69A19AA4E4 7 0 64
69A1A36DE3 6 0 64
69A1A393E3 7 0 64
69A1A3A5E4 7 0 64
69A1A3E65C 8 0 64
69A1A44FE4 7 0 64
69A1A455E4 7 0 64
69A1A45AE4 7 0 64
69A1A465E4 7 0 64
69A1A46AE4 7 0 64
69A1A495E4 7 0 64
69A1A49AE4 7 0 64
69A1A4A0E4 7 0 64
69A1A4A3E4 7 0 64
69A1A4A4E5 7 0 64
69A1A4A5E4 7 0 64
69A1A4AAE4 7 0 64
69A1A4ACE4 7 0 64
69A1A4CFE4 7 0 64
69A1A5A2E3 7 0 64
69A1A5A4E4 7 0 64
69A1AAA4E4 7 0 64
69A1CFA4E4 7 0 64
69A1E45DA2 8 0 64
69A26CE2A1 7 0 64
69A2A191E3 5 0 64
69A2A36EE3 4 0 64
69A2F0A0A2 4 0 64
69A392E3A1 6 0 64
69A393E2A1 6 0 64
69A3A16FE3 4 0 64
69A3A3EEA0 4 0 64
69A46CE2A2 5 0 64
69B0A0A4E4 7 0 64
69E520A0A1 9 0 64
69E55EA0A1 7 0 64
69E6A220A0 9 0 64
69E9A0A15E 5 0 64
69EBA0A15E 3 0 64
6AA055A4E4 7 0 64
6AA05AA4E4 7 0 64
6AA05DA4E4 7 0 64
6AA065A4E4 7 0 64
6AA06AA4E4 7 0 64
6AA06B5BE3 7 0 64
6AA06BA4E4 6 0 64
6AA06EA4E4 7 0 64
6AA092A4E4 7 0 64
6AA092E2A4 8 0 64
6AA093A3E4 7 0 64
6AA093E1A4 8 0 64
6AA094E2A1 8 0 64
6AA095A4E4 7 0 64
6AA09AA4E4 7 0 64
6AA0A36DE3 6 0 64
6AA0A393E3 7 0 64
6AA0A3A5E4 7 0 64
6AA0A3E65C 8 0 64
6AA0A44FE4 7 0 64
6AA0A455E4 7 0 64
6AA0A45AE4 7 0 64
6AA0A465E4 7 0 64
6AA0A46AE4 7 0 64
6AA0A495E4 7 0 64
6AA0A49AE4 7 0 64
6AA0A4A0E4 7 0 64
6AA0A4A3E4 7 0 64
6AA0A4A4E5 7 0 64
6AA0A4A5E4 7 0 64
6AA0A4AAE4 7 0 64
6AA0A4ACE4 7 0 64
6AA0A4CFE4 7 0 64
6AA0A5A2E3 7 0 64
6AA0A5A4E4 7 0 64
6AA0AAA4E4 7 0 64
6AA0CFA4E4 7 0 64
6AA0E45DA2 8 0 64
6AA16BA4E4 6 0 64
6AA1A36DE3 6 0 64
6AA1A4A0E4 7 0 64
6AA1A4A4E7 6 0 64
6AA1A55DE3 6 0 64
6AA1E55DA2 8 0 64
6AA3A0E3A0 9 0 64
6AA3A3F0A0 3 0 64
6AA4A0A0E3 8 0 64
6AEAA0A15E 4 0 64
6AECA0A15E 2 0 64
6BA06BA4E4 6 0 64
6BA0A36DE3 6 0 64
6BA0A4A0E4 7 0 64
6BA0A4A4E7 6 0 64
6BA0A55DE3 6 0 64
6BA0E55DA2 8 0 64
6BA1A5A3E3 5 0 64
6BA4A05FE4 7 0 64
6BEBA0A15E 3 0 64
6BEDA0A15E 1 0 64
6CA0A5A3E3 5 0 64
6CA1A55CE3 4 0 64
6CECA0A15E 2 0 64
6D68A15BE3 8 0 64
6D68A1A4E4 7 0 64
6D69A1A4E4 7 0 64
6DA0A55CE3 4 0 64
6DA45DE269 6 0 64
6DEDA0A15E 1 0 64
6EA26068E0 9 0 64
6FA2695FE0 7 0 64
6FA269E05F 10 0 64
6FA35F69E0 9 0 64
72D5559365 1 0 64
72D5559366 1 0 64
72D5559464 1 0 64
72D5559465 1 0 64
72D5926555 1 0 64
72D5926655 1 0 64
72D5936455 1 0 64
72D5936555 1 0 64
72D5945564 1 0 64
72D5945565 1 0 64
72D6926656 1 0 64
72D6936556 1 0 64
7350D09365 2 0 64
7350D09366 2 0 64
7350D09464 2 0 64
7350D09465 2 0 64
7351D19365 2 0 64
7351D19366 2 0 64
7351D19464 2 0 64
7351D19465 2 0 64
7353D39365 6 0 64
7353D39366 7 0 64
7353D39464 6 0 64
7353D39465 7 0 64
7354D49365 1 0 64
7354D49366 1 0 64
7354D49464 1 0 64
7354D49465 1 0 64
7355D59365 2 0 64
7355D59366 2 0 64
7355D59464 2 0 64
7355D59465 2 0 64
7356D69365 2 0 64
7356D69366 2 0 64
7356D69464 2 0 64
7356D69465 2 0 64
7357D79365 2 0 64
7357D79366 2 0 64
7357D79464 2 0 64
7357D79465 2 0 64
7358D89365 2 0 64
7358D89366 2 0 64
7358D89464 2 0 64
7358D89465 2 0 64
7359D99365 2 0 64
7359D99366 2 0 64
7359D99464 2 0 64
7359D99465 2 0 64
735ADA9365 2 0 64
735ADA9366 2 0 64
735ADA9464 2 0 64
735ADA9465 2 0 64
735BDB9365 2 0 64
735BDB9366 2 0 64
735BDB9464 2 0 64
735BDB9465 2 0 64
735CDC9365 2 0 64
735CDC9366 2 0 64
735CDC9464 2 0 64
735CDC9465 2 0 64
735DDD9365 2 0 64
735DDD9366 2 0 64
735DDD9464 2 0 64
735DDD9465 2 0 64
735EDE9365 2 0 64
735EDE9366 2 0 64
735EDE9464 2 0 64
735EDE9465 2 0 64
735FDF9365 2 0 64
735FDF9366 2 0 64
735FDF9464 2 0 64
735FDF9465 2 0 64
77D5559365 1 0 64
77D5559366 1 0 64
77D5559464 1 0 64
77D5559465 1 0 64
77D5926555 1 0 64
77D5926655 1 0 64
77D5936455 1 0 64
77D5936555 1 0 64
77D5945564 1 0 64
77D5945565 1 0 64
77D6926656 1 0 64
77D6936556 1 0 64
7850D09365 2 0 64
7850D09366 2 0 64
7850D09464 2 0 64
7850D09465 2 0 64
7851D19365 2 0 64
7851D19366 2 0 64
7851D19464 2 0 64
7851D19465 2 0 64
7853D39365 6 0 64
7853D39366 7 0 64
7853D39464 6 0 64
7853D39465 7 0 64
7854D49365 1 0 64
7854D49366 1 0 64
7854D49464 1 0 64
7854D49465 1 0 64
7855D59365 2 0 64
7855D59366 2 0 64
7855D59464 2 0 64
7855D59465 2 0 64
7856D69365 2 0 64
7856D69366 2 0 64
7856D69464 2 0 64
7856D69465 2 0 64
7857D79365 2 0 64
7857D79366 2 0 64
7857D79464 2 0 64
7857D79465 2 0 64
7858D89365 2 0 64
7858D89366 2 0 64
7858D89464 2 0 64
7858D89465 2 0 64
7859D99365 2 0 64
7859D99366 2 0 64
7859D99464 2 0 64
7859D99465 2 0 64
785ADA9365 2 0 64
785ADA9366 2 0 64
785ADA9464 2 0 64
785ADA9465 2 0 64
785BDB9365 2 0 64
785BDB9366 2 0 64
785BDB9464 2 0 64
785BDB9465 2 0 64
785CDC9365 2 0 64
785CDC9366 2 0 64
785CDC9464 2 0 64
785CDC9465 2 0 64
785DDD9365 2 0 64
785DDD9366 2 0 64
785DDD9464 2 0 64
785DDD9465 2 0 64
785EDE9365 2 0 64
785EDE9366 2 0 64
785EDE9464 2 0 64
785EDE9465 2 0 64
785FDF9365 2 0 64
785FDF9366 2 0 64
785FDF9464 2 0 64
785FDF9465 2 0 64
7CD5559365 1 0 64
7CD5559366 1 0 64
7CD5559464 1 0 64
7CD5559465 1 0 64
7CD5926555 1 0 64
7CD5926655 1 0 64
7CD5936455 1 0 64
7CD5936555 1 0 64
7CD5945564 1 0 64
7CD5945565 1 0 64
7CD6926656 1 0 64
7CD6936556 1 0 64
7D50D09365 2 0 64
7D50D09366 2 0 64
7D50D09464 2 0 64
7D50D09465 2 0 64
7D51D19365 2 0 64
7D51D19366 2 0 64
7D51D19464 2 0 64
7D51D19465 2 0 64
7D53D39365 6 0 64
7D53D39366 7 0 64
7D53D39464 6 0 64
7D53D39465 7 0 64
7D54D49365 1 0 64
7D54D49366 1 0 64
7D54D49464 1 0 64
7D54D49465 1 0 64
7D55D59365 2 0 64
7D55D59366 2 0 64
7D55D59464 2 0 64
7D55D59465 2 0 64
7D56D69365 2 0 64
7D56D69366 2 0 64
7D56D69464 2 0 64
7D56D69465 2 0 64
7D57D79365 2 0 64
7D57D79366 2 0 64
7D57D79464 2 0 64
7D57D79465 2 0 64
7D58D89365 2 0 64
7D58D89366 2 0 64
7D58D89464 2 0 64
7D58D89465 2 0 64
7D59D99365 2 0 64
7D59D99366 2 0 64
7D59D99464 2 0 64
7D59D99465 2 0 64
7D5ADA9365 2 0 64
7D5ADA9366 2 0 64
7D5ADA9464 2 0 64
7D5ADA9465 2 0 64
7D5BDB9365 2 0 64
7D5BDB9366 2 0 64
7D5BDB9464 2 0 64
7D5BDB9465 2 0 64
7D5CDC9365 2 0 64
7D5CDC9366 2 0 64
7D5CDC9464 2 0 64
7D5CDC9465 2 0 64
7D5DDD9365 2 0 64
7D5DDD9366 2 0 64
7D5DDD9464 2 0 64
7D5DDD9465 2 0 64
7D5EDE9365 2 0 64
7D5EDE9366 2 0 64
7D5EDE9464 2 0 64
7D5EDE9465 2 0 64
7D5FDF9365 2 0 64
7D5FDF9366 2 0 64
7D5FDF9464 2 0 64
7D5FDF9465 2 0 64
90665FA4E4 7 0 64
9066A3E35F 9 0 64
9066A45FE3 8 0 64
91655FA4E4 7 0 64
9165A3E35F 9 0 64
9165A45FE3 8 0 64
925E65E1A4 10 0 64
925F65A4E4 7 0 64
9265A3A0E4 7 0 64
9266A3A0E4 7 0 64
92A365E25F 10 0 64
92A399E35F 9 0 64
92A45DE269 6 0 64
92A45DE26A 6 0 64
92A4A1E269 7 0 64
92A5A0E268 7 0 64
9368E0A05F 10 0 64
93A2E2655F 10 0 64
93A45F65E2 9 0 64
93E55E65A1 7 0 64
945E20E165 8 0 64
945EE1A365 10 0 64
945F68E0A1 10 0 64
94685FE0A0 8 0 64
9468E05FA0 10 0 64
94A35FE265 10 0 64
94A45F65E2 7 0 64
94A4A065E2 8 0 64
94A4A066E2 8 0 64
955E69E1A2 5 0 64
95A168E1A2 6 0 64
95A3A0E366 9 0 64
A1695B5BE3 8 0 64
A1695BA4E4 8 0 64
A1695FA4E4 7 0 64
A169A3E35F 9 0 64
A169A3E3A4 8 0 64
A169A45FE3 8 0 64
A16A5BA4E4 8 0 64
A25CE2685F 10 0 64
A25E69E1A4 10 0 64
A25F69A4E4 7 0 64
A268A25BE3 8 0 64
A268A5A0E4 7 0 64
A269A5A0E4 7 0 64
A26CE2665F 12 0 64
A2A1E26693 10 0 64
A2A1E268A3 10 0 64
A2A1E29366 10 0 64
A2A1E29465 10 0 64
A2A1E2A469 10 0 64
A2A369E25F 10 0 64
A2EA69A15E 4 0 64
A2EB6AA15E 3 0 64
A2EC6BA15E 2 0 64
A2ED6CA15E 1 0 64
A35B5FE268 10 0 64
A35D68E25F 10 0 64
A35EE16900 7 0 64
A35EE16901 7 0 64
A35EE16902 7 0 64
A35EE16903 7 0 64
A35EE16904 7 0 64
A35EE16905 7 0 64
A35EE16906 7 0 64
A35EE16907 7 0 64
A35EE16908 7 0 64
A35EE16909 7 0 64
A35EE1690A 7 0 64
A35EE1690B 7 0 64
A35EE1690C 7 0 64
A35EE1690D 7 0 64
A35EE1690E 7 0 64
A35EE1690F 7 0 64
A35EE16920 7 0 64
A35EE16930 7 0 64
A35EE16958 7 0 64
A35EE16959 7 0 64
A35EE1695A 7 0 64
A35EE1695B 7 0 64
A35EE1695C 7 0 64
A35EE1695D 7 0 64
A35EE1695E 7 0 64
A35EE1695F 7 0 64
A35EE16965 7 0 64
A35EE16969 7 0 64
A35EE1696A 7 0 64
A35EE1696B 7 0 64
A35EE1696C 7 0 64
A35EE1696E 7 0 64
A35EE16970 7 0 64
A35EE16975 7 0 64
A35EE1697A 7 0 64
A35EE1697F 7 0 64
A35EE16980 7 0 64
A35EE16985 7 0 64
A35EE1698A 7 0 64
A35EE1698F 7 0 64
A35EE16998 7 0 64
A35EE16999 7 0 64
A35EE1699A 7 0 64
A35EE1699B 7 0 64
A35EE1699C 7 0 64
A35EE1699D 7 0 64
A35EE1699E 7 0 64
A35EE1699F 7 0 64
A35EE169A8 7 0 64
A35EE169A9 7 0 64
A35EE169AA 7 0 64
A35EE169AB 7 0 64
A35EE169AC 7 0 64
A35EE169AD 7 0 64
A35EE169AE 7 0 64
A35EE169AF 7 0 64
A35EE169B0 7 0 64
A35EE169B8 7 0 64
A35EE169C5 7 0 64
A35EE169C9 7 0 64
A35EE169CA 7 0 64
A35EE169CB 7 0 64
A35EE169CC 7 0 64
A35EE169CE 7 0 64
A35EE169E6 7 0 64
A35EE169E8 7 0 64
A35EE169E9 7 0 64
A35EE169EA 7 0 64
A35EE169EB 7 0 64
A35EE169EC 7 0 64
A35EE169ED 7 0 64
A35EE169EE 7 0 64
A35EE169EF 7 0 64
A35EE16EA4 7 0 64
A35EE16FA3 7 0 64
A35FE169A4 9 0 64
A35FE16AA4 9 0 64
A35FE16BA3 9 0 64
A35FE19666 9 0 64
A35FE1A669 9 0 64
A3665FE191 8 0 64
A3685FE1A1 11 0 64
A36B5FE266 10 0 64
A36D66E25F 7 0 64
A36D99E35F 7 0 64
A39A5FE291 8 0 64
A3A0E16793 10 0 64
A3A0E169A3 10 0 64
A3A0E19466 10 0 64
A3A0E19565 10 0 64
A3A0E1A569 10 0 64
A3A166E292 7 0 64
A3A168E2A2 10 0 64
A3A194E265 10 0 64
A3A1A4E269 10 0 64
A3A1E16CA4 8 0 64
A3A1E16DA3 8 0 64
A3A2E2695F 10 0 64
A3A45F69E2 9 0 64
A3E068A35F 10 0 64
A3E55E69A1 7 0 64
A45C5F68E2 9 0 64
A45D685FE2 9 0 64
A45D695FE2 9 0 64
A45D91E169 7 0 64
A45E00E169 7 0 64
A45E01E169 7 0 64
A45E02E169 7 0 64
A45E03E169 7 0 64
A45E04E169 7 0 64
A45E05E169 7 0 64
A45E06E169 7 0 64
A45E07E169 7 0 64
A45E08E169 7 0 64
A45E09E169 7 0 64
A45E0AE169 7 0 64
A45E0BE169 7 0 64
A45E0CE169 7 0 64
A45E0DE169 7 0 64
A45E0EE169 7 0 64
A45E0FE169 7 0 64
A45E20E169 7 0 64
A45E30E169 7 0 64
A45E52E169 7 0 64
A45E59E169 7 0 64
A45E5AE169 7 0 64
A45E5BE169 7 0 64
A45E5CE169 7 0 64
A45E5DE169 7 0 64
A45E5EE169 7 0 64
A45E5FE169 7 0 64
A45E65E169 7 0 64
A45E69E169 7 0 64
A45E6AE169 7 0 64
A45E6BE169 7 0 64
A45E6DE169 7 0 64
A45E6EE169 7 0 64
A45E73E169 7 0 64
A45E78E169 7 0 64
A45E7DE169 7 0 64
A45E83E169 7 0 64
A45E88E169 7 0 64
A45E8DE169 7 0 64
A45E99E169 7 0 64
A45E9AE169 7 0 64
A45E9BE169 7 0 64
A45E9CE169 7 0 64
A45E9DE169 7 0 64
A45E9EE169 7 0 64
A45EA4E170 7 0 64
A45EA9E169 7 0 64
A45EAAE169 7 0 64
A45EABE169 7 0 64
A45EACE169 7 0 64
A45EADE169 7 0 64
A45EAEE169 7 0 64
A45EB0E169 7 0 64
A45EB8E169 7 0 64
A45EC5E169 7 0 64
A45EC9E169 7 0 64
A45ECAE169 7 0 64
A45ECBE169 7 0 64
A45ECDE169 7 0 64
A45ECEE169 7 0 64
A45EE10269 5 0 64
A45EE10369 5 0 64
A45EE10469 5 0 64
A45EE10569 5 0 64
A45EE10669 5 0 64
A45EE10769 5 0 64
A45EE10869 5 0 64
A45EE10969 5 0 64
A45EE10A69 5 0 64
A45EE10B69 5 0 64
A45EE10C69 5 0 64
A45EE10D69 5 0 64
A45EE10E69 5 0 64
A45EE10F69 5 0 64
A45EE15969 5 0 64
A45EE15A69 5 0 64
A45EE15B69 5 0 64
A45EE15C69 5 0 64
A45EE15D69 5 0 64
A45EE15E69 5 0 64
A45EE15F69 5 0 64
A45EE16B69 5 0 64
A45EE16C69 5 0 64
A45EE16D69 5 0 64
A45EE16E69 5 0 64
A45EE19969 5 0 64
A45EE19A69 5 0 64
A45EE19B69 5 0 64
A45EE19C69 5 0 64
A45EE19D69 5 0 64
A45EE19E69 5 0 64
A45EE19F69 5 0 64
A45EE1A369 10 0 64
A45EE1A969 5 0 64
A45EE1AA69 5 0 64
A45EE1AB69 5 0 64
A45EE1AC69 5 0 64
A45EE1AD69 5 0 64
A45EE1AE69 5 0 64
A45EE1AF69 5 0 64
A45EE1B069 5 0 64
A45EE1CB69 5 0 64
A45EE1CC69 5 0 64
A45EE1CD69 5 0 64
A45EE1CE69 5 0 64
A45EE1E969 5 0 64
A45EE1EA69 5 0 64
A45EE1EB69 5 0 64
A45EE1EC69 5 0 64
A45EE1ED69 5 0 64
A45EE1EE69 5 0 64
A45EE1EF69 5 0 64
A45EE7E169 7 0 64
A45EE9E169 7 0 64
A45EEAE169 7 0 64
A45EEBE169 7 0 64
A45EECE169 7 0 64
A45EEDE169 7 0 64
A45EEEE169 7 0 64
A45FA4E16C 9 0 64
A45FE068A4 10 0 64
A45FE168A4 10 0 64
A45FE16BA6 7 0 64
A4665F91E1 8 0 64
A466915FE1 8 0 64
A4685FA1E1 10 0 64
A468A15DE4 7 0 64
A468A15FE1 10 0 64
A468A16DE4 7 0 64
A46C5F66E2 7 0 64
A46D655FE2 8 0 64
A46D665FE2 7 0 64
A46D9A5FE3 8 0 64
A491665FE1 8 0 64
A492655FE1 8 0 64
A499A0E292 8 0 64
A4A066E193 7 0 64
A4A068E1A3 10 0 64
A4A094E166 10 0 64
A4A0A4E16A 10 0 64
A4A0E16BA5 8 0 64
A4A0E16CA4 8 0 64
A4A16692E2 7 0 64
A4A168A2E2 9 0 64
A4A19266E2 7 0 64
A4A19365E2 7 0 64
A4A1A369E2 9 0 64
A4A1A4E16E 8 0 64
A4A2695FE1 10 0 64
A4A35FE269 10 0 64
A4A4A068E4 8 0 64
A4A4A069E4 8 0 64
A4E0685FA3 10 0 64
A520A0E268 16 0 64
A55DA0E268 7 0 64
A55E6AA3E1 6 0 64
A55E6BA2E1 6 0 64
A55E94E165 5 0 64
A55EA36CE1 6 0 64
A55EA4E170 5 0 64
A55EE19366 3 0 64
A55EE19465 3 0 64
A55F6692E1 6 0 64
A55F69A2E1 8 0 64
A55F9266E1 6 0 64
A55F9365E1 6 0 64
A55FA36AE1 8 0 64
A55FA4E16E 7 0 64
A5665F91E2 7 0 64
A566915FE3 6 0 64
A56691A0E3 7 0 64
A5685FA1E2 7 0 64
A568A1A0E3 7 0 64
A569A15FE3 6 0 64
A56DA0E268 7 0 64
A582A0E268 9 0 64
A587A0E268 9 0 64
A58CA0E268 9 0 64
A591665FE3 6 0 64
A592655FE3 6 0 64
A5A06692E1 7 0 64
A5A068A2E1 9 0 64
A5A09266E1 7 0 64
A5A09365E1 7 0 64
A5A0A369E1 9 0 64
A5A0A4E16D 8 0 64
A5A16692E1 5 0 64
A5A169A3E1 7 0 64
A5A16AA2E1 7 0 64
A5A19266E1 5 0 64
A5A19365E1 5 0 64
A5A1A36BE1 7 0 64
A5A1A4E16F 6 0 64
A5A2695FE3 6 0 64
A5A3A0E369 9 0 64
A5B0A0E268 7 0 64
A66A5F91E1 4 0 64
A69BA0A1E2 6 0 64
A6A068E1A2 6 0 64
A9E25F6AA4 1 0 64
A9E25F6BA3 1 0 64
C6676850D0 12 0 64
C6676851D1 12 0 64
C6676852D2 12 0 64
C6676853D3 12 0 64
C6676855D5 12 0 64
C6676856D6 12 0 64
C6676857D7 12 0 64
C6676858D8 12 0 64
C6676859D9 12 0 64
C667685ADA 12 0 64
C667685BDB 12 0 64
C667685CDC 12 0 64
C667685DDD 12 0 64
C667685EDE 12 0 64
C667685FDF 12 0 64
C6686750D0 12 0 64
C6686751D1 12 0 64
C6686752D2 12 0 64
C6686753D3 12 0 64
C6686755D5 12 0 64
C6686756D6 12 0 64
C6686757D7 12 0 64
C6686758D8 12 0 64
C6686759D9 12 0 64
C668675ADA 12 0 64
C668675BDB 12 0 64
C668675CDC 12 0 64
C668675DDD 12 0 64
C668675EDE 12 0 64
C668675FDF 12 0 64
C7666850D0 12 0 64
C7666851D1 12 0 64
C7666852D2 12 0 64
C7666853D3 12 0 64
C7666855D5 12 0 64
C7666856D6 12 0 64
C7666857D7 12 0 64
C7666858D8 12 0 64
C7666859D9 12 0 64
C766685ADA 12 0 64
C766685BDB 12 0 64
C766685CDC 12 0 64
C766685DDD 12 0 64
C766685EDE 12 0 64
C766685FDF 12 0 64
C7686650D0 12 0 64
C7686651D1 12 0 64
C7686652D2 12 0 64
C7686653D3 12 0 64
C7686655D5 12 0 64
C7686656D6 12 0 64
C7686657D7 12 0 64
C7686658D8 12 0 64
C7686659D9 12 0 64
C768665ADA 12 0 64
C768665BDB 12 0 64
C768665CDC 12 0 64
C768665DDD 12 0 64
C768665EDE 12 0 64
C768665FDF 12 0 64
C8666750D0 12 0 64
C8666751D1 12 0 64
C8666752D2 12 0 64
C8666753D3 12 0 64
C8666755D5 12 0 64
C8666756D6 12 0 64
C8666757D7 12 0 64
C8666758D8 12 0 64
C8666759D9 12 0 64
C866675ADA 12 0 64
C866675BDB 12 0 64
C866675CDC 12 0 64
C866675DDD 12 0 64
C866675EDE 12 0 64
C866675FDF 12 0 64
C8676650D0 12 0 64
C8676651D1 12 0 64
C8676652D2 12 0 64
C8676653D3 12 0 64
C8676655D5 12 0 64
C8676656D6 12 0 64
C8676657D7 12 0 64
C8676658D8 12 0 64
C8676659D9 12 0 64
C867665ADA 12 0 64
C867665BDB 12 0 64
C867665CDC 12 0 64
C867665DDD 12 0 64
C867665EDE 12 0 64
C867665FDF 12 0 64
E45F6692A0 8 0 64
E45F66A06D 8 0 64
E45F68A05D 8 0 64
E45F68A2A0 8 0 64
E45F94A09A 8 0 64
E45FA05B97 8 0 64
E45FA06B99 7 0 64
E45FA4A096 8 0 64
E46820A15B 7 0 64
E468A15FA2 8 0 64
E46920A1A4 6 0 64
E55F6692A0 7 0 64
E55F69A2A0 7 0 64
E55F9266A0 7 0 64
E55F9365A0 7 0 64
E55F94A099 7 0 64
E55FA06B99 7 0 64
E55FA369A0 7 0 64
E566915FA0 8 0 64
E568A15FA0 8 0 64
E591665FA0 8 0 64
E592655FA0 8 0 64
E5A2695FA0 8 0 64
E968A05FA1 5 0 64
EA68A163A0 2 0 64
EA69A05FA1 4 0 64
EAA1666192 1 0 64
EB6AA05FA1 3 0 64
EC6BA05FA1 2 0 64
ED60A068A3 1 0 64
ED6CA05FA1 1 0 64
