# program  outputs_at_2+2  halts  steps   (all proven on 65,536 input pairs)
466750D0 16 0 64
466751D1 16 0 64
466752D2 16 0 64
466754D4 16 0 64
466755D5 16 0 64
466756D6 16 0 64
466757D7 16 0 64
466758D8 16 0 64
466759D9 16 0 64
46675ADA 16 0 64
46675BDB 16 0 64
46675CDC 16 0 64
46675DDD 16 0 64
46675EDE 16 0 64
46675FDF 16 0 64
476650D0 16 0 64
476651D1 16 0 64
476652D2 16 0 64
476654D4 16 0 64
476655D5 16 0 64
476656D6 16 0 64
476657D7 16 0 64
476658D8 16 0 64
476659D9 16 0 64
47665ADA 16 0 64
47665BDB 16 0 64
47665CDC 16 0 64
47665DDD 16 0 64
47665EDE 16 0 64
47665FDF 16 0 64
666750D0 16 0 64
666751D1 16 0 64
666752D2 16 0 64
666754D4 16 0 64
666755D5 16 0 64
666756D6 16 0 64
666757D7 16 0 64
666758D8 16 0 64
666759D9 16 0 64
66675ADA 16 0 64
66675BDB 16 0 64
66675CDC 16 0 64
66675DDD 16 0 64
66675EDE 16 0 64
66675FDF 16 0 64
676650D0 16 0 64
676651D1 16 0 64
676652D2 16 0 64
676654D4 16 0 64
676655D5 16 0 64
676656D6 16 0 64
676657D7 16 0 64
676658D8 16 0 64
676659D9 16 0 64
67665ADA 16 0 64
67665BDB 16 0 64
67665CDC 16 0 64
67665DDD 16 0 64
67665EDE 16 0 64
67665FDF 16 0 64
67A05CE2 13 0 64
67A0A3E2 14 0 64
67A0A3E3 12 0 64
67A0E1A2 14 0 64
67A0E1A3 13 0 64
68A05CE2 13 0 64
68A0A3E3 12 0 64
68A1A3E3 12 0 64
69A0A3E3 12 0 64
A35EE168 10 0 64
A35EE169 10 0 64
A3A1E168 11 0 64
A4A0E167 11 0 64
C66750D0 16 0 64
C66751D1 16 0 64
C66752D2 16 0 64
C66754D4 16 0 64
C66755D5 16 0 64
C66756D6 16 0 64
C66757D7 16 0 64
C66758D8 16 0 64
C66759D9 16 0 64
C6675ADA 16 0 64
C6675BDB 16 0 64
C6675CDC 16 0 64
C6675DDD 16 0 64
C6675EDE 16 0 64
C6675FDF 16 0 64
C76650D0 16 0 64
C76651D1 16 0 64
C76652D2 16 0 64
C76654D4 16 0 64
C76655D5 16 0 64
C76656D6 16 0 64
C76657D7 16 0 64
C76658D8 16 0 64
C76659D9 16 0 64
C7665ADA 16 0 64
C7665BDB 16 0 64
C7665CDC 16 0 64
C7665DDD 16 0 64
C7665EDE 16 0 64
C7665FDF 16 0 64
