# program  outputs_at_2+2  halts  steps   (all proven on 65,536 input pairs)
456A50D0 16 0 64
456A51D1 16 0 64
456A52D2 16 0 64
456A54D4 16 0 64
456A55D5 16 0 64
456A56D6 16 0 64
456A57D7 16 0 64
456A58D8 16 0 64
456A59D9 16 0 64
456A5ADA 16 0 64
456A5BDB 16 0 64
456A5CDC 16 0 64
456A5DDD 16 0 64
456A5EDE 16 0 64
456A5FDF 16 0 64
4A6550D0 16 0 64
4A6551D1 16 0 64
4A6552D2 16 0 64
4A6554D4 16 0 64
4A6555D5 16 0 64
4A6556D6 16 0 64
4A6557D7 16 0 64
4A6558D8 16 0 64
4A6559D9 16 0 64
4A655ADA 16 0 64
4A655BDB 16 0 64
4A655CDC 16 0 64
4A655DDD 16 0 64
4A655EDE 16 0 64
4A655FDF 16 0 64
656A50D0 16 0 64
656A51D1 16 0 64
656A52D2 16 0 64
656A54D4 16 0 64
656A55D5 16 0 64
656A56D6 16 0 64
656A57D7 16 0 64
656A58D8 16 0 64
656A59D9 16 0 64
656A5ADA 16 0 64
656A5BDB 16 0 64
656A5CDC 16 0 64
656A5DDD 16 0 64
656A5EDE 16 0 64
656A5FDF 16 0 64
6A6550D0 16 0 64
6A6551D1 16 0 64
6A6552D2 16 0 64
6A6554D4 16 0 64
6A6555D5 16 0 64
6A6556D6 16 0 64
6A6557D7 16 0 64
6A6558D8 16 0 64
6A6559D9 16 0 64
6A655ADA 16 0 64
6A655BDB 16 0 64
6A655CDC 16 0 64
6A655DDD 16 0 64
6A655EDE 16 0 64
6A655FDF 16 0 64
C56A50D0 16 0 64
C56A51D1 16 0 64
C56A52D2 16 0 64
C56A54D4 16 0 64
C56A55D5 16 0 64
C56A56D6 16 0 64
C56A57D7 16 0 64
C56A58D8 16 0 64
C56A59D9 16 0 64
C56A5ADA 16 0 64
C56A5BDB 16 0 64
C56A5CDC 16 0 64
C56A5DDD 16 0 64
C56A5EDE 16 0 64
C56A5FDF 16 0 64
CA6550D0 16 0 64
CA6551D1 16 0 64
CA6552D2 16 0 64
CA6554D4 16 0 64
CA6555D5 16 0 64
CA6556D6 16 0 64
CA6557D7 16 0 64
CA6558D8 16 0 64
CA6559D9 16 0 64
CA655ADA 16 0 64
CA655BDB 16 0 64
CA655CDC 16 0 64
CA655DDD 16 0 64
CA655EDE 16 0 64
CA655FDF 16 0 64
