# program  outputs_at_2+2  halts  steps   (all proven on 65,536 input pairs)
476850D0 16 0 64
476851D1 16 0 64
476852D2 16 0 64
476854D4 16 0 64
476855D5 16 0 64
476856D6 16 0 64
476857D7 16 0 64
476858D8 16 0 64
476859D9 16 0 64
47685ADA 16 0 64
47685BDB 16 0 64
47685CDC 16 0 64
47685DDD 16 0 64
47685EDE 16 0 64
47685FDF 16 0 64
486750D0 16 0 64
486751D1 16 0 64
486752D2 16 0 64
486754D4 16 0 64
486755D5 16 0 64
486756D6 16 0 64
486757D7 16 0 64
486758D8 16 0 64
486759D9 16 0 64
48675ADA 16 0 64
48675BDB 16 0 64
48675CDC 16 0 64
48675DDD 16 0 64
48675EDE 16 0 64
48675FDF 16 0 64
676850D0 16 0 64
676851D1 16 0 64
676852D2 16 0 64
676854D4 16 0 64
676855D5 16 0 64
676856D6 16 0 64
676857D7 16 0 64
676858D8 16 0 64
676859D9 16 0 64
67685ADA 16 0 64
67685BDB 16 0 64
67685CDC 16 0 64
67685DDD 16 0 64
67685EDE 16 0 64
67685FDF 16 0 64
67E0E35F 5 0 64
686750D0 16 0 64
686751D1 16 0 64
686752D2 16 0 64
686754D4 16 0 64
686755D5 16 0 64
686756D6 16 0 64
686757D7 16 0 64
686758D8 16 0 64
686759D9 16 0 64
68675ADA 16 0 64
68675BDB 16 0 64
68675CDC 16 0 64
68675DDD 16 0 64
68675EDE 16 0 64
68675FDF 16 0 64
68A05CE2 13 0 64
68A0A3E2 14 0 64
68A0A3E3 12 0 64
68A0E1A2 14 0 64
68A0E1A3 13 0 64
69A05CE2 13 0 64
69A0A3E3 12 0 64
69A1A3E3 12 0 64
6AA0A3E3 12 0 64
A35EE169 10 0 64
A35EE16A 10 0 64
A3A1E169 11 0 64
A4A0E168 11 0 64
C76850D0 16 0 64
C76851D1 16 0 64
C76852D2 16 0 64
C76854D4 16 0 64
C76855D5 16 0 64
C76856D6 16 0 64
C76857D7 16 0 64
C76858D8 16 0 64
C76859D9 16 0 64
C7685ADA 16 0 64
C7685BDB 16 0 64
C7685CDC 16 0 64
C7685DDD 16 0 64
C7685EDE 16 0 64
C7685FDF 16 0 64
C86750D0 16 0 64
C86751D1 16 0 64
C86752D2 16 0 64
C86754D4 16 0 64
C86755D5 16 0 64
C86756D6 16 0 64
C86757D7 16 0 64
C86758D8 16 0 64
C86759D9 16 0 64
C8675ADA 16 0 64
C8675BDB 16 0 64
C8675CDC 16 0 64
C8675DDD 16 0 64
C8675EDE 16 0 64
C8675FDF 16 0 64
