# program  outputs_at_2+2  halts  steps   (all proven on 65,536 input pairs)
456650D0 16 0 64
456651D1 16 0 64
456652D2 16 0 64
456654D4 16 0 64
456655D5 16 0 64
456656D6 16 0 64
456657D7 16 0 64
456658D8 16 0 64
456659D9 16 0 64
45665ADA 16 0 64
45665BDB 16 0 64
45665CDC 16 0 64
45665DDD 16 0 64
45665EDE 16 0 64
45665FDF 16 0 64
466550D0 16 0 64
466551D1 16 0 64
466552D2 16 0 64
466554D4 16 0 64
466555D5 16 0 64
466556D6 16 0 64
466557D7 16 0 64
466558D8 16 0 64
466559D9 16 0 64
46655ADA 16 0 64
46655BDB 16 0 64
46655CDC 16 0 64
46655DDD 16 0 64
46655EDE 16 0 64
46655FDF 16 0 64
656650D0 16 0 64
656651D1 16 0 64
656652D2 16 0 64
656654D4 16 0 64
656655D5 16 0 64
656656D6 16 0 64
656657D7 16 0 64
656658D8 16 0 64
656659D9 16 0 64
65665ADA 16 0 64
65665BDB 16 0 64
65665CDC 16 0 64
65665DDD 16 0 64
65665EDE 16 0 64
65665FDF 16 0 64
666550D0 16 0 64
666551D1 16 0 64
666552D2 16 0 64
666554D4 16 0 64
666555D5 16 0 64
666556D6 16 0 64
666557D7 16 0 64
666558D8 16 0 64
666559D9 16 0 64
66655ADA 16 0 64
66655BDB 16 0 64
66655CDC 16 0 64
66655DDD 16 0 64
66655EDE 16 0 64
66655FDF 16 0 64
66A05CE2 13 0 64
66A0A3E2 14 0 64
66A0E1A2 14 0 64
66A0E1A3 13 0 64
67A05CE2 13 0 64
67A0A3E3 12 0 64
67A1A3E3 12 0 64
68A0A3E3 12 0 64
A35EE168 10 0 64
A3A1E167 11 0 64
C56650D0 16 0 64
C56651D1 16 0 64
C56652D2 16 0 64
C56654D4 16 0 64
C56655D5 16 0 64
C56656D6 16 0 64
C56657D7 16 0 64
C56658D8 16 0 64
C56659D9 16 0 64
C5665ADA 16 0 64
C5665BDB 16 0 64
C5665CDC 16 0 64
C5665DDD 16 0 64
C5665EDE 16 0 64
C5665FDF 16 0 64
C66550D0 16 0 64
C66551D1 16 0 64
C66552D2 16 0 64
C66554D4 16 0 64
C66555D5 16 0 64
C66556D6 16 0 64
C66557D7 16 0 64
C66558D8 16 0 64
C66559D9 16 0 64
C6655ADA 16 0 64
C6655BDB 16 0 64
C6655CDC 16 0 64
C6655DDD 16 0 64
C6655EDE 16 0 64
C6655FDF 16 0 64
