# program  outputs_at_2+2  halts  steps   (all proven on 65,536 input pairs)
456750D0 16 0 64
456751D1 16 0 64
456752D2 16 0 64
456754D4 16 0 64
456755D5 16 0 64
456756D6 16 0 64
456757D7 16 0 64
456758D8 16 0 64
456759D9 16 0 64
45675ADA 16 0 64
45675BDB 16 0 64
45675CDC 16 0 64
45675DDD 16 0 64
45675EDE 16 0 64
45675FDF 16 0 64
476550D0 16 0 64
476551D1 16 0 64
476552D2 16 0 64
476554D4 16 0 64
476555D5 16 0 64
476556D6 16 0 64
476557D7 16 0 64
476558D8 16 0 64
476559D9 16 0 64
47655ADA 16 0 64
47655BDB 16 0 64
47655CDC 16 0 64
47655DDD 16 0 64
47655EDE 16 0 64
47655FDF 16 0 64
656750D0 16 0 64
656751D1 16 0 64
656752D2 16 0 64
656754D4 16 0 64
656755D5 16 0 64
656756D6 16 0 64
656757D7 16 0 64
656758D8 16 0 64
656759D9 16 0 64
65675ADA 16 0 64
65675BDB 16 0 64
65675CDC 16 0 64
65675DDD 16 0 64
65675EDE 16 0 64
65675FDF 16 0 64
676550D0 16 0 64
676551D1 16 0 64
676552D2 16 0 64
676554D4 16 0 64
676555D5 16 0 64
676556D6 16 0 64
676557D7 16 0 64
676558D8 16 0 64
676559D9 16 0 64
67655ADA 16 0 64
67655BDB 16 0 64
67655CDC 16 0 64
67655DDD 16 0 64
67655EDE 16 0 64
67655FDF 16 0 64
67A05CE2 13 0 64
67A0A3E3 12 0 64
68A0A3E3 12 0 64
A35EE168 10 0 64
C56750D0 16 0 64
C56751D1 16 0 64
C56752D2 16 0 64
C56754D4 16 0 64
C56755D5 16 0 64
C56756D6 16 0 64
C56757D7 16 0 64
C56758D8 16 0 64
C56759D9 16 0 64
C5675ADA 16 0 64
C5675BDB 16 0 64
C5675CDC 16 0 64
C5675DDD 16 0 64
C5675EDE 16 0 64
C5675FDF 16 0 64
C76550D0 16 0 64
C76551D1 16 0 64
C76552D2 16 0 64
C76554D4 16 0 64
C76555D5 16 0 64
C76556D6 16 0 64
C76557D7 16 0 64
C76558D8 16 0 64
C76559D9 16 0 64
C7655ADA 16 0 64
C7655BDB 16 0 64
C7655CDC 16 0 64
C7655DDD 16 0 64
C7655EDE 16 0 64
C7655FDF 16 0 64
