# program outputs_at_2+2+2 halts steps   (proven on all 16,777,216 triples)
45666750D0 12 0 64
45666751D1 12 0 64
45666752D2 12 0 64
45666753D3 12 0 64
45666755D5 12 0 64
45666756D6 12 0 64
45666757D7 12 0 64
45666758D8 12 0 64
45666759D9 12 0 64
4566675ADA 12 0 64
4566675BDB 12 0 64
4566675CDC 12 0 64
4566675DDD 12 0 64
4566675EDE 12 0 64
4566675FDF 12 0 64
45676650D0 12 0 64
45676651D1 12 0 64
45676652D2 12 0 64
45676653D3 12 0 64
45676655D5 12 0 64
45676656D6 12 0 64
45676657D7 12 0 64
45676658D8 12 0 64
45676659D9 12 0 64
4567665ADA 12 0 64
4567665BDB 12 0 64
4567665CDC 12 0 64
4567665DDD 12 0 64
4567665EDE 12 0 64
4567665FDF 12 0 64
46656750D0 12 0 64
46656751D1 12 0 64
46656752D2 12 0 64
46656753D3 12 0 64
46656755D5 12 0 64
46656756D6 12 0 64
46656757D7 12 0 64
46656758D8 12 0 64
46656759D9 12 0 64
4665675ADA 12 0 64
4665675BDB 12 0 64
4665675CDC 12 0 64
4665675DDD 12 0 64
4665675EDE 12 0 64
4665675FDF 12 0 64
46676550D0 12 0 64
46676551D1 12 0 64
46676552D2 12 0 64
46676553D3 12 0 64
46676555D5 12 0 64
46676556D6 12 0 64
46676557D7 12 0 64
46676558D8 12 0 64
46676559D9 12 0 64
4667655ADA 12 0 64
4667655BDB 12 0 64
4667655CDC 12 0 64
4667655DDD 12 0 64
4667655EDE 12 0 64
4667655FDF 12 0 64
47656650D0 12 0 64
47656651D1 12 0 64
47656652D2 12 0 64
47656653D3 12 0 64
47656655D5 12 0 64
47656656D6 12 0 64
47656657D7 12 0 64
47656658D8 12 0 64
47656659D9 12 0 64
4765665ADA 12 0 64
4765665BDB 12 0 64
4765665CDC 12 0 64
4765665DDD 12 0 64
4765665EDE 12 0 64
4765665FDF 12 0 64
47666550D0 12 0 64
47666551D1 12 0 64
47666552D2 12 0 64
47666553D3 12 0 64
47666555D5 12 0 64
47666556D6 12 0 64
47666557D7 12 0 64
47666558D8 12 0 64
47666559D9 12 0 64
4766655ADA 12 0 64
4766655BDB 12 0 64
4766655CDC 12 0 64
4766655DDD 12 0 64
4766655EDE 12 0 64
4766655FDF 12 0 64
5B67A15BE3 8 0 64
5B68A1A4E4 7 0 64
5EA4E06760 10 0 64
5F65915BE3 8 0 64
5F6591A4E4 7 0 64
5F65A3E391 9 0 64
5F65A491E3 8 0 64
5F67A15BE3 8 0 64
5F67A3E3A1 9 0 64
5F67A4A1E3 8 0 64
5F68A1A4E4 7 0 64
5F9165A4E4 7 0 64
5F9264A4E4 7 0 64
5F93A464E3 8 0 64
5F93A49AE4 7 0 64
5F9467E1A1 9 0 64
5F94A3E364 9 0 64
5FA268A4E4 7 0 64
5FA35BE367 9 0 64
5FA36BE365 9 0 64
5FA3A468E3 8 0 64
5FA45C67E3 8 0 64
5FA45C98E4 7 0 64
5FA46C65E3 7 0 64
5FA46C9AE4 7 0 64
5FA4A3E368 9 0 64
5FA4E167A4 9 0 64
655E90E1A4 10 0 64
655EE1A390 10 0 64
655F905BE3 7 0 64
655F90A4E4 6 0 64
655FA3E390 9 0 64
655FA490E3 8 0 64
65666750D0 12 0 64
65666751D1 12 0 64
65666752D2 12 0 64
65666753D3 12 0 64
65666755D5 12 0 64
65666756D6 12 0 64
65666757D7 12 0 64
65666758D8 12 0 64
65666759D9 12 0 64
6566675ADA 12 0 64
6566675BDB 12 0 64
6566675CDC 12 0 64
6566675DDD 12 0 64
6566675EDE 12 0 64
6566675FDF 12 0 64
65676650D0 12 0 64
65676651D1 12 0 64
65676652D2 12 0 64
65676653D3 12 0 64
65676655D5 12 0 64
65676656D6 12 0 64
65676657D7 12 0 64
65676658D8 12 0 64
65676659D9 12 0 64
6567665ADA 12 0 64
6567665BDB 12 0 64
6567665CDC 12 0 64
6567665DDD 12 0 64
6567665EDE 12 0 64
6567665FDF 12 0 64
65905FA4E4 7 0 64
65A2E25F90 10 0 64
65A2E2905F 10 0 64
65A35FE290 10 0 64
65A390E25F 10 0 64
65A45F90E2 9 0 64
65A4905FE2 9 0 64
65E45E90A1 8 0 64
65E45EA16F 8 0 64
65E55E90A1 7 0 64
66656750D0 12 0 64
66656751D1 12 0 64
66656752D2 12 0 64
66656753D3 12 0 64
66656755D5 12 0 64
66656756D6 12 0 64
66656757D7 12 0 64
66656758D8 12 0 64
66656759D9 12 0 64
6665675ADA 12 0 64
6665675BDB 12 0 64
6665675CDC 12 0 64
6665675DDD 12 0 64
6665675EDE 12 0 64
6665675FDF 12 0 64
66676550D0 12 0 64
66676551D1 12 0 64
66676552D2 12 0 64
66676553D3 12 0 64
66676555D5 12 0 64
66676556D6 12 0 64
66676557D7 12 0 64
66676558D8 12 0 64
66676559D9 12 0 64
6667655ADA 12 0 64
6667655BDB 12 0 64
6667655CDC 12 0 64
6667655DDD 12 0 64
6667655EDE 12 0 64
6667655FDF 12 0 64
66A067E1A4 10 0 64
66A0E1A367 10 0 64
66A147A4E3 9 0 64
66A147E2A3 10 0 64
6720A05BE3 18 0 64
675DA05BE3 8 0 64
675EA0E1A4 10 0 64
675EE1A3A0 10 0 64
675F94E29F 4 0 64
675FA3E3A0 9 0 64
675FA4A0E3 8 0 64
67656650D0 12 0 64
67656651D1 12 0 64
67656652D2 12 0 64
67656653D3 12 0 64
67656655D5 12 0 64
67656656D6 12 0 64
67656657D7 12 0 64
67656658D8 12 0 64
67656659D9 12 0 64
6765665ADA 12 0 64
6765665BDB 12 0 64
6765665CDC 12 0 64
6765665DDD 12 0 64
6765665EDE 12 0 64
6765665FDF 12 0 64
67666550D0 12 0 64
67666551D1 12 0 64
67666552D2 12 0 64
67666553D3 12 0 64
67666555D5 12 0 64
67666556D6 12 0 64
67666557D7 12 0 64
67666558D8 12 0 64
67666559D9 12 0 64
6766655ADA 12 0 64
6766655BDB 12 0 64
6766655CDC 12 0 64
6766655DDD 12 0 64
6766655EDE 12 0 64
6766655FDF 12 0 64
676DA05BE3 8 0 64
6782A05BE3 11 0 64
6787A05BE3 11 0 64
678CA05BE3 11 0 64
67A047A4E3 9 0 64
67A047E2A3 10 0 64
67A057A4E3 9 0 64
67A057E2A3 10 0 64
67A058A4E3 9 0 64
67A058E2A3 10 0 64
67A059A4E3 9 0 64
67A059E2A3 10 0 64
67A05B00E2 9 0 64
67A05B01E2 9 0 64
67A05B02E2 9 0 64
67A05B03E2 9 0 64
67A05B04E2 9 0 64
67A05B05E2 9 0 64
67A05B06E2 9 0 64
67A05B07E2 9 0 64
67A05B08E2 9 0 64
67A05B09E2 9 0 64
67A05B0AE2 9 0 64
67A05B0BE2 9 0 64
67A05B0CE2 9 0 64
67A05B0DE2 9 0 64
67A05B0EE2 9 0 64
67A05B0FE2 9 0 64
67A05B20E2 9 0 64
67A05B30E2 9 0 64
67A05B57E2 9 0 64
67A05B58E2 9 0 64
67A05B59E2 9 0 64
67A05B5AE2 9 0 64
67A05B5BE2 9 0 64
67A05B5CE2 9 0 64
67A05B5DE2 9 0 64
67A05B5EE2 9 0 64
67A05B5FE2 9 0 64
67A05B68E2 9 0 64
67A05B69E2 9 0 64
67A05B6AE2 9 0 64
67A05B6CE2 9 0 64
67A05B6DE2 9 0 64
67A05B6EE2 9 0 64
67A05B74E2 9 0 64
67A05B79E2 9 0 64
67A05B7EE2 9 0 64
67A05B84E2 9 0 64
67A05B89E2 9 0 64
67A05B8EE2 9 0 64
67A05B97E2 9 0 64
67A05B98E2 9 0 64
67A05B99E2 9 0 64
67A05B9AE2 9 0 64
67A05B9BE2 9 0 64
67A05B9CE2 9 0 64
67A05B9DE2 9 0 64
67A05B9EE2 9 0 64
67A05BA7E2 9 0 64
67A05BA8E2 9 0 64
67A05BA9E2 9 0 64
67A05BAAE2 9 0 64
67A05BABE2 9 0 64
67A05BACE2 9 0 64
67A05BADE2 9 0 64
67A05BAEE2 9 0 64
67A05BB0E2 9 0 64
67A05BB8E2 9 0 64
67A05BC8E2 9 0 64
67A05BC9E2 9 0 64
67A05BCAE2 9 0 64
67A05BCCE2 9 0 64
67A05BCDE2 9 0 64
67A05BCEE2 9 0 64
67A05BE5E2 9 0 64
67A05BE7E2 9 0 64
67A05BE8E2 9 0 64
67A05BE9E2 9 0 64
67A05BEAE2 9 0 64
67A05BEBE2 9 0 64
67A05BECE2 9 0 64
67A05BEDE2 9 0 64
67A05BEEE2 9 0 64
67A05CE200 10 0 64
67A05CE201 10 0 64
67A05CE202 10 0 64
67A05CE203 10 0 64
67A05CE204 10 0 64
67A05CE205 10 0 64
67A05CE206 10 0 64
67A05CE207 10 0 64
67A05CE208 10 0 64
67A05CE209 10 0 64
67A05CE20A 10 0 64
67A05CE20B 10 0 64
67A05CE20C 10 0 64
67A05CE20D 10 0 64
67A05CE20E 10 0 64
67A05CE20F 10 0 64
67A05CE220 10 0 64
67A05CE230 10 0 64
67A05CE257 10 0 64
67A05CE258 10 0 64
67A05CE259 10 0 64
67A05CE25A 10 0 64
67A05CE25B 10 0 64
67A05CE25C 10 0 64
67A05CE25D 10 0 64
67A05CE25E 10 0 64
67A05CE25F 10 0 64
67A05CE268 10 0 64
67A05CE269 10 0 64
67A05CE26A 10 0 64
67A05CE26B 10 0 64
67A05CE26D 10 0 64
67A05CE26E 10 0 64
67A05CE270 10 0 64
67A05CE275 10 0 64
67A05CE27A 10 0 64
67A05CE27F 10 0 64
67A05CE280 10 0 64
67A05CE285 10 0 64
67A05CE28A 10 0 64
67A05CE28F 10 0 64
67A05CE297 10 0 64
67A05CE298 10 0 64
67A05CE299 10 0 64
67A05CE29A 10 0 64
67A05CE29B 10 0 64
67A05CE29C 10 0 64
67A05CE29D 10 0 64
67A05CE29E 10 0 64
67A05CE29F 10 0 64
67A05CE2A4 8 0 64
67A05CE2A7 10 0 64
67A05CE2A8 10 0 64
67A05CE2A9 10 0 64
67A05CE2AA 10 0 64
67A05CE2AB 10 0 64
67A05CE2AC 10 0 64
67A05CE2AD 10 0 64
67A05CE2AE 10 0 64
67A05CE2AF 10 0 64
67A05CE2B0 10 0 64
67A05CE2B8 10 0 64
67A05CE2C8 10 0 64
67A05CE2C9 10 0 64
67A05CE2CA 10 0 64
67A05CE2CB 10 0 64
67A05CE2CD 10 0 64
67A05CE2CE 10 0 64
67A05CE2E5 10 0 64
67A05CE2E7 10 0 64
67A05CE2E8 10 0 64
67A05CE2E9 10 0 64
67A05CE2EA 10 0 64
67A05CE2EB 10 0 64
67A05CE2EC 10 0 64
67A05CE2ED 10 0 64
67A05CE2EE 10 0 64
67A05CE2EF 10 0 64
67A05DA4E3 9 0 64
67A05DE2A3 10 0 64
67A065E1A4 10 0 64
67A068A4E3 9 0 64
67A068E2A3 10 0 64
67A069A4E3 9 0 64
67A069E2A3 10 0 64
67A06EA4E3 9 0 64
67A06EE2A3 10 0 64
67A092A4E3 9 0 64
67A092E2A3 10 0 64
67A093A3E3 9 0 64
67A093E1A3 10 0 64
67A094A4E2 9 0 64
67A094E2A2 10 0 64
67A097A4E3 9 0 64
67A097E2A3 10 0 64
67A0A2A4E3 9 0 64
67A0A2E2A3 10 0 64
67A0A3A5E3 9 0 64
67A0A3E300 9 0 64
67A0A3E3A3 10 0 64
67A0A3E3E2 8 0 64
67A0A45BE4 8 0 64
67A0A4A4E4 9 0 64
67A0A4C9E4 7 0 64
67A0A4E2A4 10 0 64
67A0A4E2E3 7 0 64
67A0A7A4E3 9 0 64
67A0A7E2A3 10 0 64
67A0A8A4E3 9 0 64
67A0A8E2A3 10 0 64
67A0A9A4E3 9 0 64
67A0A9E2A3 10 0 64
67A0CFA4E3 9 0 64
67A0CFE2A3 10 0 64
67A0E1A365 10 0 64
67A0E1A3E1 10 0 64
67A0E1E1A4 10 0 64
67A0E35DA2 8 0 64
67A1475BE3 8 0 64
67A1A0A4E3 9 0 64
67A1A0E2A3 10 0 64
67A1B8E2A4 9 0 64
67A2E25FA0 10 0 64
67A2E2A05F 10 0 64
67A2ECA0A2 6 0 64
67A35FE2A0 10 0 64
67A3A0E25F 10 0 64
67A45FA0E2 9 0 64
67A4A05CE4 7 0 64
67A4A05FE2 9 0 64
67B0A05BE3 8 0 64
67E3A05BE4 7 0 64
67E3A45FE4 7 0 64
67E420A0A1 10 0 64
67E45EA0A1 8 0 64
67E45EA15F 8 0 64
67E5A220A0 10 0 64
67E7A0A15E 7 0 64
67E9A0A15E 5 0 64
6820A0A4E4 16 0 64
685DA0A4E4 7 0 64
686DA0A4E4 7 0 64
6882A0A4E4 10 0 64
6887A0A4E4 10 0 64
688CA0A4E4 10 0 64
689FA491E4 7 0 64
68A030E2A4 9 0 64
68A0475BE3 8 0 64
68A0585BE3 8 0 64
68A058E2A4 9 0 64
68A0595BE3 8 0 64
68A05D5BE3 8 0 64
68A05DE2A4 9 0 64
68A065A4E3 9 0 64
68A065E2A3 10 0 64
68A0685BE3 8 0 64
68A068E2A4 9 0 64
68A0695BE3 8 0 64
68A06AE2A2 9 0 64
68A06BA4E3 8 0 64
68A06CE2A3 9 0 64
68A06DE2A4 9 0 64
68A06E5BE3 8 0 64
68A0925CE3 8 0 64
68A0935BE3 8 0 64
68A0A35BE3 8 0 64
68A0A3E300 9 0 64
68A0A3E301 9 0 64
68A0A3E302 9 0 64
68A0A3E303 9 0 64
68A0A3E304 9 0 64
68A0A3E305 9 0 64
68A0A3E306 9 0 64
68A0A3E307 9 0 64
68A0A3E308 9 0 64
68A0A3E309 9 0 64
68A0A3E30A 9 0 64
68A0A3E30B 9 0 64
68A0A3E30C 9 0 64
68A0A3E30D 9 0 64
68A0A3E30E 9 0 64
68A0A3E30F 9 0 64
68A0A3E320 9 0 64
68A0A3E330 9 0 64
68A0A3E354 9 0 64
68A0A3E358 9 0 64
68A0A3E359 9 0 64
68A0A3E35A 9 0 64
68A0A3E35B 9 0 64
68A0A3E35C 9 0 64
68A0A3E35D 9 0 64
68A0A3E35E 9 0 64
68A0A3E35F 9 0 64
68A0A3E368 9 0 64
68A0A3E369 9 0 64
68A0A3E36A 9 0 64
68A0A3E36B 9 0 64
68A0A3E36D 9 0 64
68A0A3E36E 9 0 64
68A0A3E370 9 0 64
68A0A3E375 9 0 64
68A0A3E37A 9 0 64
68A0A3E37F 9 0 64
68A0A3E380 9 0 64
68A0A3E385 9 0 64
68A0A3E38A 9 0 64
68A0A3E38F 9 0 64
68A0A3E398 9 0 64
68A0A3E399 9 0 64
68A0A3E39A 9 0 64
68A0A3E39B 9 0 64
68A0A3E39C 9 0 64
68A0A3E39D 9 0 64
68A0A3E39E 9 0 64
68A0A3E39F 9 0 64
68A0A3E3A8 9 0 64
68A0A3E3A9 9 0 64
68A0A3E3AA 9 0 64
68A0A3E3AB 9 0 64
68A0A3E3AC 9 0 64
68A0A3E3AD 9 0 64
68A0A3E3AE 9 0 64
68A0A3E3AF 9 0 64
68A0A3E3B0 9 0 64
68A0A3E3B8 9 0 64
68A0A3E3C8 9 0 64
68A0A3E3C9 9 0 64
68A0A3E3CA 9 0 64
68A0A3E3CB 9 0 64
68A0A3E3CD 9 0 64
68A0A3E3CE 9 0 64
68A0A3E3E6 9 0 64
68A0A3E3E8 9 0 64
68A0A3E3E9 9 0 64
68A0A3E3EA 9 0 64
68A0A3E3EB 9 0 64
68A0A3E3EC 9 0 64
68A0A3E3ED 9 0 64
68A0A3E3EE 9 0 64
68A0A3E3EF 9 0 64
68A0A3E55C 9 0 64
68A0A400E3 8 0 64
68A0A401E3 8 0 64
68A0A402E3 8 0 64
68A0A403E3 8 0 64
68A0A404E3 8 0 64
68A0A405E3 8 0 64
68A0A406E3 8 0 64
68A0A407E3 8 0 64
68A0A408E3 8 0 64
68A0A409E3 8 0 64
68A0A40AE3 8 0 64
68A0A40BE3 8 0 64
68A0A40CE3 8 0 64
68A0A40DE3 8 0 64
68A0A40EE3 8 0 64
68A0A40FE3 8 0 64
68A0A420E3 8 0 64
68A0A430E3 8 0 64
68A0A453E3 8 0 64
68A0A458E3 8 0 64
68A0A459E3 8 0 64
68A0A45AE3 8 0 64
68A0A45BE3 8 0 64
68A0A45CE3 8 0 64
68A0A45DE3 8 0 64
68A0A45EE3 8 0 64
68A0A45FE3 8 0 64
68A0A468E3 8 0 64
68A0A469E3 8 0 64
68A0A46AE3 8 0 64
68A0A46CE3 8 0 64
68A0A46DE3 8 0 64
68A0A46EE3 8 0 64
68A0A474E3 8 0 64
68A0A479E3 8 0 64
68A0A47EE3 8 0 64
68A0A484E3 8 0 64
68A0A489E3 8 0 64
68A0A48EE3 8 0 64
68A0A498E3 8 0 64
68A0A499E3 8 0 64
68A0A49AE3 8 0 64
68A0A49BE3 8 0 64
68A0A49CE3 8 0 64
68A0A49DE3 8 0 64
68A0A49EE3 8 0 64
68A0A4A8E3 8 0 64
68A0A4A9E3 8 0 64
68A0A4AAE3 8 0 64
68A0A4ABE3 8 0 64
68A0A4ACE3 8 0 64
68A0A4ADE3 8 0 64
68A0A4AEE3 8 0 64
68A0A4B0E3 8 0 64
68A0A4B8E3 8 0 64
68A0A4C8E3 8 0 64
68A0A4C9E3 8 0 64
68A0A4CAE3 8 0 64
68A0A4CCE3 8 0 64
68A0A4CDE3 8 0 64
68A0A4CEE3 8 0 64
68A0A4E6E3 8 0 64
68A0A4E8E3 8 0 64
68A0A4E9E3 8 0 64
68A0A4EAE3 8 0 64
68A0A4EBE3 8 0 64
68A0A4ECE3 8 0 64
68A0A4EDE3 8 0 64
68A0A4EEE3 8 0 64
68A0A85BE3 8 0 64
68A0A8E2A4 9 0 64
68A0A95BE3 8 0 64
68A0B8E2A4 9 0 64
68A0CF5BE3 8 0 64
68A0E45D5D 8 0 64
68A147A4E4 7 0 64
68A158A4E4 7 0 64
68A159A4E4 7 0 64
68A15DA4E4 7 0 64
68A168A4E4 7 0 64
68A169A4E4 7 0 64
68A16B5BE3 7 0 64
68A16EA4E4 7 0 64
68A192A4E4 7 0 64
68A192E2A4 8 0 64
68A193A3E4 7 0 64
68A193E1A4 8 0 64
68A194E2A1 8 0 64
68A19AE2A4 9 0 64
68A1A393E3 7 0 64
68A1A3A5E4 7 0 64
68A1A44FE4 7 0 64
68A1A4A3E4 7 0 64
68A1A4A4E5 7 0 64
68A1A4ACE4 7 0 64
68A1A4CFE4 7 0 64
68A1A9A4E4 7 0 64
68A1CFA4E4 7 0 64
68A1E45DA2 8 0 64
68A26CE2A1 7 0 64
68A2EEA0A2 5 0 64
68A392E3A1 6 0 64
68A393E2A1 6 0 64
68A46CE2A2 5 0 64
68B0A0A4E4 7 0 64
68E8A0A15E 6 0 64
68EAA0A15E 4 0 64
69A047A4E4 7 0 64
69A058A4E4 7 0 64
69A059A4E4 7 0 64
69A05DA4E4 7 0 64
69A068A4E4 7 0 64
69A069A4E4 7 0 64
69A06B5BE3 7 0 64
69A06EA4E4 7 0 64
69A092A4E4 7 0 64
69A092E2A4 8 0 64
69A093A3E4 7 0 64
69A093E1A4 8 0 64
69A094E2A1 8 0 64
69A09AE2A4 9 0 64
69A0A393E3 7 0 64
69A0A3A5E4 7 0 64
69A0A44FE4 7 0 64
69A0A4A3E4 7 0 64
69A0A4A4E5 7 0 64
69A0A4ACE4 7 0 64
69A0A4CFE4 7 0 64
69A0A9A4E4 7 0 64
69A0CFA4E4 7 0 64
69A0E45DA2 8 0 64
69A16BA4E4 6 0 64
69A1A36DE3 6 0 64
69A1A465E4 7 0 64
69A1A4A0E4 7 0 64
69A2F0A0A2 4 0 64
69A3A0E3A0 9 0 64
69A4A0A0E3 8 0 64
69E9A0A15E 5 0 64
69EBA0A15E 3 0 64
6AA06BA4E4 6 0 64
6AA0A36DE3 6 0 64
6AA0A465E4 7 0 64
6AA0A4A0E4 7 0 64
6AA4A05FE4 7 0 64
6AEAA0A15E 4 0 64
6AECA0A15E 2 0 64
6BEBA0A15E 3 0 64
6BEDA0A15E 1 0 64
6CECA0A15E 2 0 64
6D67A15BE3 8 0 64
6D68A1A4E4 7 0 64
6DEDA0A15E 1 0 64
6EA26067E0 9 0 64
6FA2685FE0 7 0 64
6FA268E05F 10 0 64
6FA35F68E0 9 0 64
72D5926555 1 0 64
72D5936455 1 0 64
7350D09365 2 0 64
7350D09464 2 0 64
7351D19365 2 0 64
7351D19464 2 0 64
7353D39365 6 0 64
7353D39464 6 0 64
7354D49365 1 0 64
7354D49464 1 0 64
7355D59365 2 0 64
7355D59464 2 0 64
7356D69365 2 0 64
7356D69464 2 0 64
7357D79365 2 0 64
7357D79464 2 0 64
7358D89365 2 0 64
7358D89464 2 0 64
7359D99365 2 0 64
7359D99464 2 0 64
735ADA9365 2 0 64
735ADA9464 2 0 64
735BDB9365 2 0 64
735BDB9464 2 0 64
735CDC9365 2 0 64
735CDC9464 2 0 64
735DDD9365 2 0 64
735DDD9464 2 0 64
735EDE9365 2 0 64
735EDE9464 2 0 64
735FDF9365 2 0 64
735FDF9464 2 0 64
77D5926555 1 0 64
77D5936455 1 0 64
7850D09365 2 0 64
7850D09464 2 0 64
7851D19365 2 0 64
7851D19464 2 0 64
7853D39365 6 0 64
7853D39464 6 0 64
7854D49365 1 0 64
7854D49464 1 0 64
7855D59365 2 0 64
7855D59464 2 0 64
7856D69365 2 0 64
7856D69464 2 0 64
7857D79365 2 0 64
7857D79464 2 0 64
7858D89365 2 0 64
7858D89464 2 0 64
7859D99365 2 0 64
7859D99464 2 0 64
785ADA9365 2 0 64
785ADA9464 2 0 64
785BDB9365 2 0 64
785BDB9464 2 0 64
785CDC9365 2 0 64
785CDC9464 2 0 64
785DDD9365 2 0 64
785DDD9464 2 0 64
785EDE9365 2 0 64
785EDE9464 2 0 64
785FDF9365 2 0 64
785FDF9464 2 0 64
7CD5926555 1 0 64
7CD5936455 1 0 64
7D50D09365 2 0 64
7D50D09464 2 0 64
7D51D19365 2 0 64
7D51D19464 2 0 64
7D53D39365 6 0 64
7D53D39464 6 0 64
7D54D49365 1 0 64
7D54D49464 1 0 64
7D55D59365 2 0 64
7D55D59464 2 0 64
7D56D69365 2 0 64
7D56D69464 2 0 64
7D57D79365 2 0 64
7D57D79464 2 0 64
7D58D89365 2 0 64
7D58D89464 2 0 64
7D59D99365 2 0 64
7D59D99464 2 0 64
7D5ADA9365 2 0 64
7D5ADA9464 2 0 64
7D5BDB9365 2 0 64
7D5BDB9464 2 0 64
7D5CDC9365 2 0 64
7D5CDC9464 2 0 64
7D5DDD9365 2 0 64
7D5DDD9464 2 0 64
7D5EDE9365 2 0 64
7D5EDE9464 2 0 64
7D5FDF9365 2 0 64
7D5FDF9464 2 0 64
90655FA4E4 7 0 64
9065A3E35F 9 0 64
9065A45FE3 8 0 64
91645FA4E4 7 0 64
9164A3E35F 9 0 64
9164A45FE3 8 0 64
925E64E1A4 10 0 64
925F64A4E4 7 0 64
9265A3A0E4 7 0 64
92A364E25F 10 0 64
92A39AE35F 9 0 64
92A45DE269 6 0 64
92A4A1E268 7 0 64
9367E0A05F 10 0 64
93A2E2645F 10 0 64
93A45F64E2 9 0 64
93EC2062A1 2 0 64
945E20E164 8 0 64
945EE1A364 10 0 64
945F67E0A1 10 0 64
94675FE0A0 8 0 64
9467E05FA0 10 0 64
94A35FE264 10 0 64
94A4A065E2 8 0 64
A1685B5BE3 8 0 64
A1685FA4E4 7 0 64
A168A3E35F 9 0 64
A168A3E3A4 8 0 64
A168A45FE3 8 0 64
A1695BA4E4 8 0 64
A1ED67A275 1 0 64
A25CE2675F 10 0 64
A25E68E1A4 10 0 64
A25F68A4E4 7 0 64
A267A25BE3 8 0 64
A268A5A0E4 7 0 64
A26CE2655F 10 0 64
A2A1E26593 10 0 64
A2A1E267A3 10 0 64
A2A1E29365 10 0 64
A2A1E29464 10 0 64
A2A1E2A468 10 0 64
A2A368E25F 10 0 64
A2E968A15E 5 0 64
A2EA69A15E 4 0 64
A2EB6AA15E 3 0 64
A2EC6BA15E 2 0 64
A2ED6CA15E 1 0 64
A35B5FE267 10 0 64
A35D67E25F 10 0 64
A35D98E35F 9 0 64
A35EE16800 7 0 64
A35EE16DA4 7 0 64
A35EE16EA3 7 0 64
A35FE169A4 9 0 64
A35FE16AA3 9 0 64
A3655FE191 9 0 64
A3675FE1A1 11 0 64
A36B5FE265 10 0 64
A36D65E25F 8 0 64
A36D9AE35F 8 0 64
A39B5FE291 9 0 64
A3A0E16693 10 0 64
A3A0E168A3 10 0 64
A3A0E19465 10 0 64
A3A0E19564 10 0 64
A3A0E1A568 10 0 64
A3A165E292 8 0 64
A3A167E2A2 10 0 64
A3A194E264 10 0 64
A3A1A4E268 10 0 64
A3A1E16BA4 8 0 64
A3A1E16CA3 8 0 64
A3A2E2685F 10 0 64
A3A45F68E2 9 0 64
A3E067A35F 10 0 64
A45C5F67E2 9 0 64
A45D685FE2 9 0 64
A45EA4E16F 7 0 64
A45EE1A368 10 0 64
A45FA4E16B 9 0 64
A45FE067A4 10 0 64
A45FE167A4 10 0 64
A4655F91E1 9 0 64
A465915FE1 9 0 64
A4675FA1E1 10 0 64
A467A15DE4 7 0 64
A467A15FE1 10 0 64
A467A16DE4 7 0 64
A46C5F65E2 8 0 64
A46D655FE2 8 0 64
A46D9A5FE3 8 0 64
A491655FE1 9 0 64
A492645FE1 9 0 64
A4985D5FE3 8 0 64
A4985DE2A6 6 0 64
A498A25FE2 9 0 64
A4995E5FE3 8 0 64
A4995EE2A6 6 0 64
A4995F91E2 9 0 64
A4995FA1E2 9 0 64
A4996E5FE3 8 0 64
A499915FE2 9 0 64
A499A15FE2 9 0 64
A49AA0E292 9 0 64
A4A065E193 8 0 64
A4A067E1A3 10 0 64
A4A094E165 10 0 64
A4A0A4E169 10 0 64
A4A0E16AA5 8 0 64
A4A0E16BA4 8 0 64
A4A16592E2 8 0 64
A4A167A2E2 9 0 64
A4A19265E2 8 0 64
A4A19364E2 8 0 64
A4A198E2A4 9 0 64
A4A1A368E2 9 0 64
A4A1A4E16D 8 0 64
A4A2685FE1 10 0 64
A4A35FE268 10 0 64
A4A4A068E4 8 0 64
A4E0675FA3 10 0 64
A5A1E1A468 4 0 64
A6A0E1A468 4 0 64
A9E25F6AA4 1 0 64
A9E25F6BA3 1 0 64
C5666750D0 12 0 64
C5666751D1 12 0 64
C5666752D2 12 0 64
C5666753D3 12 0 64
C5666755D5 12 0 64
C5666756D6 12 0 64
C5666757D7 12 0 64
C5666758D8 12 0 64
C5666759D9 12 0 64
C566675ADA 12 0 64
C566675BDB 12 0 64
C566675CDC 12 0 64
C566675DDD 12 0 64
C566675EDE 12 0 64
C566675FDF 12 0 64
C5676650D0 12 0 64
C5676651D1 12 0 64
C5676652D2 12 0 64
C5676653D3 12 0 64
C5676655D5 12 0 64
C5676656D6 12 0 64
C5676657D7 12 0 64
C5676658D8 12 0 64
C5676659D9 12 0 64
C567665ADA 12 0 64
C567665BDB 12 0 64
C567665CDC 12 0 64
C567665DDD 12 0 64
C567665EDE 12 0 64
C567665FDF 12 0 64
C6656750D0 12 0 64
C6656751D1 12 0 64
C6656752D2 12 0 64
C6656753D3 12 0 64
C6656755D5 12 0 64
C6656756D6 12 0 64
C6656757D7 12 0 64
C6656758D8 12 0 64
C6656759D9 12 0 64
C665675ADA 12 0 64
C665675BDB 12 0 64
C665675CDC 12 0 64
C665675DDD 12 0 64
C665675EDE 12 0 64
C665675FDF 12 0 64
C6676550D0 12 0 64
C6676551D1 12 0 64
C6676552D2 12 0 64
C6676553D3 12 0 64
C6676555D5 12 0 64
C6676556D6 12 0 64
C6676557D7 12 0 64
C6676558D8 12 0 64
C6676559D9 12 0 64
C667655ADA 12 0 64
C667655BDB 12 0 64
C667655CDC 12 0 64
C667655DDD 12 0 64
C667655EDE 12 0 64
C667655FDF 12 0 64
C7656650D0 12 0 64
C7656651D1 12 0 64
C7656652D2 12 0 64
C7656653D3 12 0 64
C7656655D5 12 0 64
C7656656D6 12 0 64
C7656657D7 12 0 64
C7656658D8 12 0 64
C7656659D9 12 0 64
C765665ADA 12 0 64
C765665BDB 12 0 64
C765665CDC 12 0 64
C765665DDD 12 0 64
C765665EDE 12 0 64
C765665FDF 12 0 64
C7666550D0 12 0 64
C7666551D1 12 0 64
C7666552D2 12 0 64
C7666553D3 12 0 64
C7666555D5 12 0 64
C7666556D6 12 0 64
C7666557D7 12 0 64
C7666558D8 12 0 64
C7666559D9 12 0 64
C766655ADA 12 0 64
C766655BDB 12 0 64
C766655CDC 12 0 64
C766655DDD 12 0 64
C766655EDE 12 0 64
C766655FDF 12 0 64
E45F6592A0 8 0 64
E45F65A06D 8 0 64
E45F67A05D 8 0 64
E45F67A2A0 8 0 64
E45F94A09B 8 0 64
E45FA05B98 8 0 64
E45FA06B9A 8 0 64
E45FA4A097 8 0 64
E467A15FA2 8 0 64
E867A05FA1 6 0 64
E968A05FA1 5 0 64
EA6760A1A0 2 0 64
EA68A163A0 2 0 64
EA69A05FA1 4 0 64
EB67A0A17A 1 0 64
EB6AA05FA1 3 0 64
EC6BA05FA1 2 0 64
ED60A068A3 1 0 64
ED6CA05FA1 1 0 64
ED9420A062 1 0 64
EDA3A06875 1 0 64
