# program  outputs_at_2+2  halts  steps   (all proven on 65,536 input pairs)
466950D0 16 0 64
466951D1 16 0 64
466952D2 16 0 64
466954D4 16 0 64
466955D5 16 0 64
466956D6 16 0 64
466957D7 16 0 64
466958D8 16 0 64
466959D9 16 0 64
46695ADA 16 0 64
46695BDB 16 0 64
46695CDC 16 0 64
46695DDD 16 0 64
46695EDE 16 0 64
46695FDF 16 0 64
496650D0 16 0 64
496651D1 16 0 64
496652D2 16 0 64
496654D4 16 0 64
496655D5 16 0 64
496656D6 16 0 64
496657D7 16 0 64
496658D8 16 0 64
496659D9 16 0 64
49665ADA 16 0 64
49665BDB 16 0 64
49665CDC 16 0 64
49665DDD 16 0 64
49665EDE 16 0 64
49665FDF 16 0 64
666950D0 16 0 64
666951D1 16 0 64
666952D2 16 0 64
666954D4 16 0 64
666955D5 16 0 64
666956D6 16 0 64
666957D7 16 0 64
666958D8 16 0 64
666959D9 16 0 64
66695ADA 16 0 64
66695BDB 16 0 64
66695CDC 16 0 64
66695DDD 16 0 64
66695EDE 16 0 64
66695FDF 16 0 64
696650D0 16 0 64
696651D1 16 0 64
696652D2 16 0 64
696654D4 16 0 64
696655D5 16 0 64
696656D6 16 0 64
696657D7 16 0 64
696658D8 16 0 64
696659D9 16 0 64
69665ADA 16 0 64
69665BDB 16 0 64
69665CDC 16 0 64
69665DDD 16 0 64
69665EDE 16 0 64
69665FDF 16 0 64
69A0A3E3 12 0 64
C66950D0 16 0 64
C66951D1 16 0 64
C66952D2 16 0 64
C66954D4 16 0 64
C66955D5 16 0 64
C66956D6 16 0 64
C66957D7 16 0 64
C66958D8 16 0 64
C66959D9 16 0 64
C6695ADA 16 0 64
C6695BDB 16 0 64
C6695CDC 16 0 64
C6695DDD 16 0 64
C6695EDE 16 0 64
C6695FDF 16 0 64
C96650D0 16 0 64
C96651D1 16 0 64
C96652D2 16 0 64
C96654D4 16 0 64
C96655D5 16 0 64
C96656D6 16 0 64
C96657D7 16 0 64
C96658D8 16 0 64
C96659D9 16 0 64
C9665ADA 16 0 64
C9665BDB 16 0 64
C9665CDC 16 0 64
C9665DDD 16 0 64
C9665EDE 16 0 64
C9665FDF 16 0 64
