# program  outputs_at_2+2  halts  steps   (all proven on 65,536 input pairs)
466850D0 16 0 64
466851D1 16 0 64
466852D2 16 0 64
466854D4 16 0 64
466855D5 16 0 64
466856D6 16 0 64
466857D7 16 0 64
466858D8 16 0 64
466859D9 16 0 64
46685ADA 16 0 64
46685BDB 16 0 64
46685CDC 16 0 64
46685DDD 16 0 64
46685EDE 16 0 64
46685FDF 16 0 64
486650D0 16 0 64
486651D1 16 0 64
486652D2 16 0 64
486654D4 16 0 64
486655D5 16 0 64
486656D6 16 0 64
486657D7 16 0 64
486658D8 16 0 64
486659D9 16 0 64
48665ADA 16 0 64
48665BDB 16 0 64
48665CDC 16 0 64
48665DDD 16 0 64
48665EDE 16 0 64
48665FDF 16 0 64
666850D0 16 0 64
666851D1 16 0 64
666852D2 16 0 64
666854D4 16 0 64
666855D5 16 0 64
666856D6 16 0 64
666857D7 16 0 64
666858D8 16 0 64
666859D9 16 0 64
66685ADA 16 0 64
66685BDB 16 0 64
66685CDC 16 0 64
66685DDD 16 0 64
66685EDE 16 0 64
66685FDF 16 0 64
686650D0 16 0 64
686651D1 16 0 64
686652D2 16 0 64
686654D4 16 0 64
686655D5 16 0 64
686656D6 16 0 64
686657D7 16 0 64
686658D8 16 0 64
686659D9 16 0 64
68665ADA 16 0 64
68665BDB 16 0 64
68665CDC 16 0 64
68665DDD 16 0 64
68665EDE 16 0 64
68665FDF 16 0 64
68A05CE2 13 0 64
68A0A3E3 12 0 64
69A0A3E3 12 0 64
A35EE169 10 0 64
C66850D0 16 0 64
C66851D1 16 0 64
C66852D2 16 0 64
C66854D4 16 0 64
C66855D5 16 0 64
C66856D6 16 0 64
C66857D7 16 0 64
C66858D8 16 0 64
C66859D9 16 0 64
C6685ADA 16 0 64
C6685BDB 16 0 64
C6685CDC 16 0 64
C6685DDD 16 0 64
C6685EDE 16 0 64
C6685FDF 16 0 64
C86650D0 16 0 64
C86651D1 16 0 64
C86652D2 16 0 64
C86654D4 16 0 64
C86655D5 16 0 64
C86656D6 16 0 64
C86657D7 16 0 64
C86658D8 16 0 64
C86659D9 16 0 64
C8665ADA 16 0 64
C8665BDB 16 0 64
C8665CDC 16 0 64
C8665DDD 16 0 64
C8665EDE 16 0 64
C8665FDF 16 0 64
