# program  outputs_at_2+2  halts  steps   (all proven on 65,536 input pairs)
456850D0 16 0 64
456851D1 16 0 64
456852D2 16 0 64
456854D4 16 0 64
456855D5 16 0 64
456856D6 16 0 64
456857D7 16 0 64
456858D8 16 0 64
456859D9 16 0 64
45685ADA 16 0 64
45685BDB 16 0 64
45685CDC 16 0 64
45685DDD 16 0 64
45685EDE 16 0 64
45685FDF 16 0 64
486550D0 16 0 64
486551D1 16 0 64
486552D2 16 0 64
486554D4 16 0 64
486555D5 16 0 64
486556D6 16 0 64
486557D7 16 0 64
486558D8 16 0 64
486559D9 16 0 64
48655ADA 16 0 64
48655BDB 16 0 64
48655CDC 16 0 64
48655DDD 16 0 64
48655EDE 16 0 64
48655FDF 16 0 64
656850D0 16 0 64
656851D1 16 0 64
656852D2 16 0 64
656854D4 16 0 64
656855D5 16 0 64
656856D6 16 0 64
656857D7 16 0 64
656858D8 16 0 64
656859D9 16 0 64
65685ADA 16 0 64
65685BDB 16 0 64
65685CDC 16 0 64
65685DDD 16 0 64
65685EDE 16 0 64
65685FDF 16 0 64
686550D0 16 0 64
686551D1 16 0 64
686552D2 16 0 64
686554D4 16 0 64
686555D5 16 0 64
686556D6 16 0 64
686557D7 16 0 64
686558D8 16 0 64
686559D9 16 0 64
68655ADA 16 0 64
68655BDB 16 0 64
68655CDC 16 0 64
68655DDD 16 0 64
68655EDE 16 0 64
68655FDF 16 0 64
68A0A3E3 12 0 64
C56850D0 16 0 64
C56851D1 16 0 64
C56852D2 16 0 64
C56854D4 16 0 64
C56855D5 16 0 64
C56856D6 16 0 64
C56857D7 16 0 64
C56858D8 16 0 64
C56859D9 16 0 64
C5685ADA 16 0 64
C5685BDB 16 0 64
C5685CDC 16 0 64
C5685DDD 16 0 64
C5685EDE 16 0 64
C5685FDF 16 0 64
C86550D0 16 0 64
C86551D1 16 0 64
C86552D2 16 0 64
C86554D4 16 0 64
C86555D5 16 0 64
C86556D6 16 0 64
C86557D7 16 0 64
C86558D8 16 0 64
C86559D9 16 0 64
C8655ADA 16 0 64
C8655BDB 16 0 64
C8655CDC 16 0 64
C8655DDD 16 0 64
C8655EDE 16 0 64
C8655FDF 16 0 64
