# program  outputs_at_2+2  halts  steps   (all proven on 65,536 input pairs)
486950D0 16 0 64
486951D1 16 0 64
486952D2 16 0 64
486954D4 16 0 64
486955D5 16 0 64
486956D6 16 0 64
486957D7 16 0 64
486958D8 16 0 64
486959D9 16 0 64
48695ADA 16 0 64
48695BDB 16 0 64
48695CDC 16 0 64
48695DDD 16 0 64
48695EDE 16 0 64
48695FDF 16 0 64
496850D0 16 0 64
496851D1 16 0 64
496852D2 16 0 64
496854D4 16 0 64
496855D5 16 0 64
496856D6 16 0 64
496857D7 16 0 64
496858D8 16 0 64
496859D9 16 0 64
49685ADA 16 0 64
49685BDB 16 0 64
49685CDC 16 0 64
49685DDD 16 0 64
49685EDE 16 0 64
49685FDF 16 0 64
67E0E35F 5 0 64
686950D0 16 0 64
686951D1 16 0 64
686952D2 16 0 64
686954D4 16 0 64
686955D5 16 0 64
686956D6 16 0 64
686957D7 16 0 64
686958D8 16 0 64
686959D9 16 0 64
68695ADA 16 0 64
68695BDB 16 0 64
68695CDC 16 0 64
68695DDD 16 0 64
68695EDE 16 0 64
68695FDF 16 0 64
68E0E35F 7 0 64
696850D0 16 0 64
696851D1 16 0 64
696852D2 16 0 64
696854D4 16 0 64
696855D5 16 0 64
696856D6 16 0 64
696857D7 16 0 64
696858D8 16 0 64
696859D9 16 0 64
69685ADA 16 0 64
69685BDB 16 0 64
69685CDC 16 0 64
69685DDD 16 0 64
69685EDE 16 0 64
69685FDF 16 0 64
69A05CE2 13 0 64
69A0A3E2 14 0 64
69A0A3E3 12 0 64
69A0E1A2 14 0 64
69A0E1A3 13 0 64
6AA05CE2 13 0 64
6AA0A3E3 12 0 64
6AA1A3E3 12 0 64
6BA0A3E3 12 0 64
97E0E3A0 6 0 64
A35EE16A 10 0 64
A35EE16B 10 0 64
A3A1E16A 11 0 64
A4A0E169 11 0 64
C86950D0 16 0 64
C86951D1 16 0 64
C86952D2 16 0 64
C86954D4 16 0 64
C86955D5 16 0 64
C86956D6 16 0 64
C86957D7 16 0 64
C86958D8 16 0 64
C86959D9 16 0 64
C8695ADA 16 0 64
C8695BDB 16 0 64
C8695CDC 16 0 64
C8695DDD 16 0 64
C8695EDE 16 0 64
C8695FDF 16 0 64
C96850D0 16 0 64
C96851D1 16 0 64
C96852D2 16 0 64
C96854D4 16 0 64
C96855D5 16 0 64
C96856D6 16 0 64
C96857D7 16 0 64
C96858D8 16 0 64
C96859D9 16 0 64
C9685ADA 16 0 64
C9685BDB 16 0 64
C9685CDC 16 0 64
C9685DDD 16 0 64
C9685EDE 16 0 64
C9685FDF 16 0 64
