# program outputs_at_2+2+2 halts steps   (proven on all 16,777,216 triples)
46686950D0 12 0 64
46686951D1 12 0 64
46686952D2 12 0 64
46686953D3 12 0 64
46686955D5 12 0 64
46686956D6 12 0 64
46686957D7 12 0 64
46686958D8 12 0 64
46686959D9 12 0 64
4668695ADA 12 0 64
4668695BDB 12 0 64
4668695CDC 12 0 64
4668695DDD 12 0 64
4668695EDE 12 0 64
4668695FDF 12 0 64
46696850D0 12 0 64
46696851D1 12 0 64
46696852D2 12 0 64
46696853D3 12 0 64
46696855D5 12 0 64
46696856D6 12 0 64
46696857D7 12 0 64
46696858D8 12 0 64
46696859D9 12 0 64
4669685ADA 12 0 64
4669685BDB 12 0 64
4669685CDC 12 0 64
4669685DDD 12 0 64
4669685EDE 12 0 64
4669685FDF 12 0 64
48666950D0 12 0 64
48666951D1 12 0 64
48666952D2 12 0 64
48666953D3 12 0 64
48666955D5 12 0 64
48666956D6 12 0 64
48666957D7 12 0 64
48666958D8 12 0 64
48666959D9 12 0 64
4866695ADA 12 0 64
4866695BDB 12 0 64
4866695CDC 12 0 64
4866695DDD 12 0 64
4866695EDE 12 0 64
4866695FDF 12 0 64
48696650D0 12 0 64
48696651D1 12 0 64
48696652D2 12 0 64
48696653D3 12 0 64
48696655D5 12 0 64
48696656D6 12 0 64
48696657D7 12 0 64
48696658D8 12 0 64
48696659D9 12 0 64
4869665ADA 12 0 64
4869665BDB 12 0 64
4869665CDC 12 0 64
4869665DDD 12 0 64
4869665EDE 12 0 64
4869665FDF 12 0 64
49666850D0 12 0 64
49666851D1 12 0 64
49666852D2 12 0 64
49666853D3 12 0 64
49666855D5 12 0 64
49666856D6 12 0 64
49666857D7 12 0 64
49666858D8 12 0 64
49666859D9 12 0 64
4966685ADA 12 0 64
4966685BDB 12 0 64
4966685CDC 12 0 64
4966685DDD 12 0 64
4966685EDE 12 0 64
4966685FDF 12 0 64
49686650D0 12 0 64
49686651D1 12 0 64
49686652D2 12 0 64
49686653D3 12 0 64
49686655D5 12 0 64
49686656D6 12 0 64
49686657D7 12 0 64
49686658D8 12 0 64
49686659D9 12 0 64
4968665ADA 12 0 64
4968665BDB 12 0 64
4968665CDC 12 0 64
4968665DDD 12 0 64
4968665EDE 12 0 64
4968665FDF 12 0 64
5573D59365 1 0 64
5573D59366 1 0 64
5573D59464 1 0 64
5573D59465 1 0 64
5578D59365 1 0 64
5578D59366 1 0 64
5578D59464 1 0 64
5578D59465 1 0 64
557DD59365 1 0 64
557DD59366 1 0 64
557DD59464 1 0 64
557DD59465 1 0 64
5B69A1A4E4 7 0 64
5F6691A4E4 7 0 64
5F69A1A4E4 7 0 64
665F90A4E4 5 0 64
66686950D0 12 0 64
66686951D1 12 0 64
66686952D2 12 0 64
66686953D3 12 0 64
66686955D5 12 0 64
66686956D6 12 0 64
66686957D7 12 0 64
66686958D8 12 0 64
66686959D9 12 0 64
6668695ADA 12 0 64
6668695BDB 12 0 64
6668695CDC 12 0 64
6668695DDD 12 0 64
6668695EDE 12 0 64
6668695FDF 12 0 64
66696850D0 12 0 64
66696851D1 12 0 64
66696852D2 12 0 64
66696853D3 12 0 64
66696855D5 12 0 64
66696856D6 12 0 64
66696857D7 12 0 64
66696858D8 12 0 64
66696859D9 12 0 64
6669685ADA 12 0 64
6669685BDB 12 0 64
6669685CDC 12 0 64
6669685DDD 12 0 64
6669685EDE 12 0 64
6669685FDF 12 0 64
66A55D90E2 5 0 64
66A65E90E2 5 0 64
66E55E90A1 7 0 64
66E65E90A1 6 0 64
68666950D0 12 0 64
68666951D1 12 0 64
68666952D2 12 0 64
68666953D3 12 0 64
68666955D5 12 0 64
68666956D6 12 0 64
68666957D7 12 0 64
68666958D8 12 0 64
68666959D9 12 0 64
6866695ADA 12 0 64
6866695BDB 12 0 64
6866695CDC 12 0 64
6866695DDD 12 0 64
6866695EDE 12 0 64
6866695FDF 12 0 64
68696650D0 12 0 64
68696651D1 12 0 64
68696652D2 12 0 64
68696653D3 12 0 64
68696655D5 12 0 64
68696656D6 12 0 64
68696657D7 12 0 64
68696658D8 12 0 64
68696659D9 12 0 64
6869665ADA 12 0 64
6869665BDB 12 0 64
6869665CDC 12 0 64
6869665DDD 12 0 64
6869665EDE 12 0 64
6869665FDF 12 0 64
6920A0A4E4 16 0 64
695DA0A4E4 7 0 64
695FA0E1A4 10 0 64
695FE1A3A0 10 0 64
69666850D0 12 0 64
69666851D1 12 0 64
69666852D2 12 0 64
69666853D3 12 0 64
69666855D5 12 0 64
69666856D6 12 0 64
69666857D7 12 0 64
69666858D8 12 0 64
69666859D9 12 0 64
6966685ADA 12 0 64
6966685BDB 12 0 64
6966685CDC 12 0 64
6966685DDD 12 0 64
6966685EDE 12 0 64
6966685FDF 12 0 64
69686650D0 12 0 64
69686651D1 12 0 64
69686652D2 12 0 64
69686653D3 12 0 64
69686655D5 12 0 64
69686656D6 12 0 64
69686657D7 12 0 64
69686658D8 12 0 64
69686659D9 12 0 64
6968665ADA 12 0 64
6968665BDB 12 0 64
6968665CDC 12 0 64
6968665DDD 12 0 64
6968665EDE 12 0 64
6968665FDF 12 0 64
696DA0A4E4 7 0 64
6982A0A4E4 10 0 64
6987A0A4E4 10 0 64
698CA0A4E4 10 0 64
69A030E2A4 9 0 64
69A0555BE3 8 0 64
69A055E2A4 9 0 64
69A059A4E4 7 0 64
69A05A5BE3 8 0 64
69A05AE2A4 9 0 64
69A05D5BE3 8 0 64
69A05DA4E4 7 0 64
69A05DE2A4 9 0 64
69A05FA4E3 9 0 64
69A05FE2A3 10 0 64
69A05FE2A4 9 0 64
69A0655BE3 8 0 64
69A065A4E4 7 0 64
69A065E2A4 9 0 64
69A066A4E3 9 0 64
69A066E1A4 10 0 64
69A066E2A3 10 0 64
69A0675BE3 8 0 64
69A067A4E4 7 0 64
69A067E2A4 9 0 64
69A06A5BE3 8 0 64
69A06AE2A2 9 0 64
69A06AE2A4 9 0 64
69A06BA4E3 8 0 64
69A06CE2A3 9 0 64
69A06DE2A4 9 0 64
69A06E5BE3 8 0 64
69A06EA4E4 7 0 64
69A092E2A4 8 0 64
69A093E1A4 8 0 64
69A094E2A1 8 0 64
69A0955BE3 8 0 64
69A095E2A4 9 0 64
69A09A5BE3 8 0 64
69A09AA4E4 7 0 64
69A09AE2A4 9 0 64
69A0A35BE3 8 0 64
69A0A393E3 7 0 64
69A0A3A5E4 7 0 64
69A0A3E300 9 0 64
69A0A3E301 9 0 64
69A0A3E302 9 0 64
69A0A3E303 9 0 64
69A0A3E304 9 0 64
69A0A3E305 9 0 64
69A0A3E306 9 0 64
69A0A3E307 9 0 64
69A0A3E308 9 0 64
69A0A3E309 9 0 64
69A0A3E30A 9 0 64
69A0A3E30B 9 0 64
69A0A3E30C 9 0 64
69A0A3E30D 9 0 64
69A0A3E30E 9 0 64
69A0A3E30F 9 0 64
69A0A3E320 9 0 64
69A0A3E330 9 0 64
69A0A3E355 9 0 64
69A0A3E359 9 0 64
69A0A3E35A 9 0 64
69A0A3E35B 9 0 64
69A0A3E35C 9 0 64
69A0A3E35D 9 0 64
69A0A3E35E 9 0 64
69A0A3E35F 9 0 64
69A0A3E365 9 0 64
69A0A3E367 9 0 64
69A0A3E36A 9 0 64
69A0A3E36B 9 0 64
69A0A3E36D 9 0 64
69A0A3E36E 9 0 64
69A0A3E370 9 0 64
69A0A3E375 9 0 64
69A0A3E37A 9 0 64
69A0A3E37F 9 0 64
69A0A3E380 9 0 64
69A0A3E385 9 0 64
69A0A3E38A 9 0 64
69A0A3E38F 9 0 64
69A0A3E394 9 0 64
69A0A3E395 9 0 64
69A0A3E399 9 0 64
69A0A3E39A 9 0 64
69A0A3E39B 9 0 64
69A0A3E39C 9 0 64
69A0A3E39D 9 0 64
69A0A3E39E 9 0 64
69A0A3E39F 9 0 64
69A0A3E3A5 9 0 64
69A0A3E3A9 9 0 64
69A0A3E3AA 9 0 64
69A0A3E3AB 9 0 64
69A0A3E3AC 9 0 64
69A0A3E3AD 9 0 64
69A0A3E3AE 9 0 64
69A0A3E3AF 9 0 64
69A0A3E3B0 9 0 64
69A0A3E3B8 9 0 64
69A0A3E3C5 9 0 64
69A0A3E3C7 9 0 64
69A0A3E3CA 9 0 64
69A0A3E3CB 9 0 64
69A0A3E3CD 9 0 64
69A0A3E3CE 9 0 64
69A0A3E3E5 9 0 64
69A0A3E3E7 9 0 64
69A0A3E3E9 9 0 64
69A0A3E3EA 9 0 64
69A0A3E3EB 9 0 64
69A0A3E3EC 9 0 64
69A0A3E3ED 9 0 64
69A0A3E3EE 9 0 64
69A0A3E3EF 9 0 64
69A0A3E55C 9 0 64
69A0A400E3 8 0 64
69A0A401E3 8 0 64
69A0A402E3 8 0 64
69A0A403E3 8 0 64
69A0A404E3 8 0 64
69A0A405E3 8 0 64
69A0A406E3 8 0 64
69A0A407E3 8 0 64
69A0A408E3 8 0 64
69A0A409E3 8 0 64
69A0A40AE3 8 0 64
69A0A40BE3 8 0 64
69A0A40CE3 8 0 64
69A0A40DE3 8 0 64
69A0A40EE3 8 0 64
69A0A40FE3 8 0 64
69A0A420E3 8 0 64
69A0A430E3 8 0 64
69A0A455E3 8 0 64
69A0A459E3 8 0 64
69A0A45AE3 8 0 64
69A0A45BE3 8 0 64
69A0A45CE3 8 0 64
69A0A45DE3 8 0 64
69A0A45EE3 8 0 64
69A0A45FE3 8 0 64
69A0A465E3 8 0 64
69A0A465E4 7 0 64
69A0A467E3 8 0 64
69A0A467E4 7 0 64
69A0A46AE3 8 0 64
69A0A46CE3 8 0 64
69A0A46DE3 8 0 64
69A0A46EE3 8 0 64
69A0A474E3 8 0 64
69A0A479E3 8 0 64
69A0A47EE3 8 0 64
69A0A484E3 8 0 64
69A0A489E3 8 0 64
69A0A48EE3 8 0 64
69A0A495E3 8 0 64
69A0A499E3 8 0 64
69A0A49AE3 8 0 64
69A0A49AE4 7 0 64
69A0A49BE3 8 0 64
69A0A49CE3 8 0 64
69A0A49DE3 8 0 64
69A0A49EE3 8 0 64
69A0A4A3E4 7 0 64
69A0A4A4E5 7 0 64
69A0A4A5E3 8 0 64
69A0A4A9E3 8 0 64
69A0A4AAE3 8 0 64
69A0A4ABE3 8 0 64
69A0A4ACE3 8 0 64
69A0A4ADE3 8 0 64
69A0A4AEE3 8 0 64
69A0A4B0E3 8 0 64
69A0A4B8E3 8 0 64
69A0A4C5E3 8 0 64
69A0A4C7E3 8 0 64
69A0A4CAE3 8 0 64
69A0A4CCE3 8 0 64
69A0A4CDE3 8 0 64
69A0A4CEE3 8 0 64
69A0A4CFE4 7 0 64
69A0A4E5E3 8 0 64
69A0A4E7E3 8 0 64
69A0A4E9E3 8 0 64
69A0A4EAE3 8 0 64
69A0A4EBE3 8 0 64
69A0A4ECE3 8 0 64
69A0A4EDE3 8 0 64
69A0A4EEE3 8 0 64
69A0A55BE3 8 0 64
69A0A5E2A4 9 0 64
69A0A9A4E4 7 0 64
69A0AA5BE3 8 0 64
69A0AAE2A4 9 0 64
69A0CF5BE3 8 0 64
69A0CFA4E4 7 0 64
69A0E1A366 10 0 64
69A0E45D5D 8 0 64
69A0E45DA2 8 0 64
69A15BA0E2 9 0 64
69A15CE2A0 10 0 64
69A1A05BE3 8 0 64
69A1A447E4 7 0 64
69A1A44FE4 7 0 64
69A1A4A0E4 7 0 64
69A2A191E3 5 0 64
69A2F0A0A2 4 0 64
69A3A3EEA0 4 0 64
69A4A066E4 7 0 64
69B0A0A4E4 7 0 64
69E520A0A1 9 0 64
69E55EA0A1 7 0 64
69E6A220A0 9 0 64
69E9A0A15E 5 0 64
69EBA0A15E 3 0 64
6AA055A4E4 7 0 64
6AA05AA4E4 7 0 64
6AA05DA4E4 7 0 64
6AA05F5BE3 8 0 64
6AA065A4E4 7 0 64
6AA066A4E3 9 0 64
6AA066E2A3 10 0 64
6AA067A4E4 7 0 64
6AA06AA4E4 7 0 64
6AA06B5BE3 7 0 64
6AA06EA4E4 7 0 64
6AA092E2A4 8 0 64
6AA093E1A4 8 0 64
6AA094E2A1 8 0 64
6AA095A4E4 7 0 64
6AA09AA4E4 7 0 64
6AA0A36DE3 6 0 64
6AA0A393E3 7 0 64
6AA0A3A5E4 7 0 64
6AA0A3E65C 8 0 64
6AA0A447E4 7 0 64
6AA0A44FE4 7 0 64
6AA0A455E4 7 0 64
6AA0A45AE4 7 0 64
6AA0A465E4 7 0 64
6AA0A46AE4 7 0 64
6AA0A495E4 7 0 64
6AA0A49AE4 7 0 64
6AA0A4A3E4 7 0 64
6AA0A4A4E5 7 0 64
6AA0A4A5E4 7 0 64
6AA0A4AAE4 7 0 64
6AA0A4CFE4 7 0 64
6AA0A5A2E3 7 0 64
6AA0A5A4E4 7 0 64
6AA0AAA4E4 7 0 64
6AA0CFA4E4 7 0 64
6AA0E45DA2 8 0 64
6AA15FA4E4 7 0 64
6AA16BA4E4 6 0 64
6AA1A0E2A4 9 0 64
6AA1A36DE3 6 0 64
6AA1A4A0E4 7 0 64
6AA1A4A4E7 6 0 64
6AA1A55DE3 6 0 64
6AA1E55DA2 8 0 64
6AA3A3F0A0 3 0 64
6AEAA0A15E 4 0 64
6AECA0A15E 2 0 64
6BA05FA4E4 7 0 64
6BA06BA4E4 6 0 64
6BA0A0E2A4 9 0 64
6BA0A36DE3 6 0 64
6BA0A4A0E4 7 0 64
6BA0A4A4E7 6 0 64
6BA0A55DE3 6 0 64
6BA0E55DA2 8 0 64
6BA1A5A3E3 5 0 64
6BEBA0A15E 3 0 64
6BEDA0A15E 1 0 64
6CA0A5A3E3 5 0 64
6CA1A55CE3 4 0 64
6CECA0A15E 2 0 64
6D69A1A4E4 7 0 64
6DA0A55CE3 4 0 64
6DEDA0A15E 1 0 64
72D5559365 1 0 64
72D5559366 1 0 64
72D5559464 1 0 64
72D5559465 1 0 64
72D5926555 1 0 64
72D5926655 1 0 64
72D5936455 1 0 64
72D5936555 1 0 64
72D5945564 1 0 64
72D5945565 1 0 64
72D6926656 1 0 64
72D6936556 1 0 64
7350D09365 2 0 64
7350D09366 2 0 64
7350D09464 2 0 64
7350D09465 2 0 64
7351D19365 2 0 64
7351D19366 2 0 64
7351D19464 2 0 64
7351D19465 2 0 64
7353D39365 6 0 64
7353D39366 7 0 64
7353D39464 6 0 64
7353D39465 7 0 64
7354D49365 1 0 64
7354D49366 1 0 64
7354D49464 1 0 64
7354D49465 1 0 64
7355D59365 2 0 64
7355D59366 2 0 64
7355D59464 2 0 64
7355D59465 2 0 64
7356D69365 2 0 64
7356D69366 2 0 64
7356D69464 2 0 64
7356D69465 2 0 64
7357D79365 2 0 64
7357D79366 2 0 64
7357D79464 2 0 64
7357D79465 2 0 64
7358D89365 2 0 64
7358D89366 2 0 64
7358D89464 2 0 64
7358D89465 2 0 64
7359D99365 2 0 64
7359D99366 2 0 64
7359D99464 2 0 64
7359D99465 2 0 64
735ADA9365 2 0 64
735ADA9366 2 0 64
735ADA9464 2 0 64
735ADA9465 2 0 64
735BDB9365 2 0 64
735BDB9366 2 0 64
735BDB9464 2 0 64
735BDB9465 2 0 64
735CDC9365 2 0 64
735CDC9366 2 0 64
735CDC9464 2 0 64
735CDC9465 2 0 64
735DDD9365 2 0 64
735DDD9366 2 0 64
735DDD9464 2 0 64
735DDD9465 2 0 64
735EDE9365 2 0 64
735EDE9366 2 0 64
735EDE9464 2 0 64
735EDE9465 2 0 64
735FDF9365 2 0 64
735FDF9366 2 0 64
735FDF9464 2 0 64
735FDF9465 2 0 64
77D5559365 1 0 64
77D5559366 1 0 64
77D5559464 1 0 64
77D5559465 1 0 64
77D5926555 1 0 64
77D5926655 1 0 64
77D5936455 1 0 64
77D5936555 1 0 64
77D5945564 1 0 64
77D5945565 1 0 64
77D6926656 1 0 64
77D6936556 1 0 64
7850D09365 2 0 64
7850D09366 2 0 64
7850D09464 2 0 64
7850D09465 2 0 64
7851D19365 2 0 64
7851D19366 2 0 64
7851D19464 2 0 64
7851D19465 2 0 64
7853D39365 6 0 64
7853D39366 7 0 64
7853D39464 6 0 64
7853D39465 7 0 64
7854D49365 1 0 64
7854D49366 1 0 64
7854D49464 1 0 64
7854D49465 1 0 64
7855D59365 2 0 64
7855D59366 2 0 64
7855D59464 2 0 64
7855D59465 2 0 64
7856D69365 2 0 64
7856D69366 2 0 64
7856D69464 2 0 64
7856D69465 2 0 64
7857D79365 2 0 64
7857D79366 2 0 64
7857D79464 2 0 64
7857D79465 2 0 64
7858D89365 2 0 64
7858D89366 2 0 64
7858D89464 2 0 64
7858D89465 2 0 64
7859D99365 2 0 64
7859D99366 2 0 64
7859D99464 2 0 64
7859D99465 2 0 64
785ADA9365 2 0 64
785ADA9366 2 0 64
785ADA9464 2 0 64
785ADA9465 2 0 64
785BDB9365 2 0 64
785BDB9366 2 0 64
785BDB9464 2 0 64
785BDB9465 2 0 64
785CDC9365 2 0 64
785CDC9366 2 0 64
785CDC9464 2 0 64
785CDC9465 2 0 64
785DDD9365 2 0 64
785DDD9366 2 0 64
785DDD9464 2 0 64
785DDD9465 2 0 64
785EDE9365 2 0 64
785EDE9366 2 0 64
785EDE9464 2 0 64
785EDE9465 2 0 64
785FDF9365 2 0 64
785FDF9366 2 0 64
785FDF9464 2 0 64
785FDF9465 2 0 64
7CD5559365 1 0 64
7CD5559366 1 0 64
7CD5559464 1 0 64
7CD5559465 1 0 64
7CD5926555 1 0 64
7CD5926655 1 0 64
7CD5936455 1 0 64
7CD5936555 1 0 64
7CD5945564 1 0 64
7CD5945565 1 0 64
7CD6926656 1 0 64
7CD6936556 1 0 64
7D50D09365 2 0 64
7D50D09366 2 0 64
7D50D09464 2 0 64
7D50D09465 2 0 64
7D51D19365 2 0 64
7D51D19366 2 0 64
7D51D19464 2 0 64
7D51D19465 2 0 64
7D53D39365 6 0 64
7D53D39366 7 0 64
7D53D39464 6 0 64
7D53D39465 7 0 64
7D54D49365 1 0 64
7D54D49366 1 0 64
7D54D49464 1 0 64
7D54D49465 1 0 64
7D55D59365 2 0 64
7D55D59366 2 0 64
7D55D59464 2 0 64
7D55D59465 2 0 64
7D56D69365 2 0 64
7D56D69366 2 0 64
7D56D69464 2 0 64
7D56D69465 2 0 64
7D57D79365 2 0 64
7D57D79366 2 0 64
7D57D79464 2 0 64
7D57D79465 2 0 64
7D58D89365 2 0 64
7D58D89366 2 0 64
7D58D89464 2 0 64
7D58D89465 2 0 64
7D59D99365 2 0 64
7D59D99366 2 0 64
7D59D99464 2 0 64
7D59D99465 2 0 64
7D5ADA9365 2 0 64
7D5ADA9366 2 0 64
7D5ADA9464 2 0 64
7D5ADA9465 2 0 64
7D5BDB9365 2 0 64
7D5BDB9366 2 0 64
7D5BDB9464 2 0 64
7D5BDB9465 2 0 64
7D5CDC9365 2 0 64
7D5CDC9366 2 0 64
7D5CDC9464 2 0 64
7D5CDC9465 2 0 64
7D5DDD9365 2 0 64
7D5DDD9366 2 0 64
7D5DDD9464 2 0 64
7D5DDD9465 2 0 64
7D5EDE9365 2 0 64
7D5EDE9366 2 0 64
7D5EDE9464 2 0 64
7D5EDE9465 2 0 64
7D5FDF9365 2 0 64
7D5FDF9366 2 0 64
7D5FDF9464 2 0 64
7D5FDF9465 2 0 64
9266A3A0E4 7 0 64
92A45DE26A 6 0 64
94A4A066E2 8 0 64
955E69E1A2 5 0 64
95A3A0E366 9 0 64
A16A5BA4E4 8 0 64
A25FE26990 5 0 64
A269A5A0E4 7 0 64
A2EB6AA15E 3 0 64
A2EC6BA15E 2 0 64
A2ED6CA15E 1 0 64
A35EE19666 7 0 64
A35FE16AA4 9 0 64
A35FE19666 9 0 64
A35FE1A669 9 0 64
A3A1E19666 8 0 64
A45D695FE2 9 0 64
A45EE1676B 5 0 64
A45FE19568 7 0 64
A46D665FE2 7 0 64
A4A0E19567 8 0 64
A4A1E1676A 6 0 64
A4A4A069E4 8 0 64
A55E6AA3E1 6 0 64
A55E6BA2E1 6 0 64
A55EA36CE1 6 0 64
A55F6692E1 6 0 64
A55F69A2E1 8 0 64
A55F9266E1 6 0 64
A55F9365E1 6 0 64
A55F94E165 7 0 64
A55FA36AE1 8 0 64
A55FE19366 5 0 64
A55FE19465 5 0 64
A566915FE3 6 0 64
A569A15FE3 6 0 64
A5A16692E1 5 0 64
A5A16AA2E1 7 0 64
A5A19266E1 5 0 64
A5A19365E1 5 0 64
A5A1A36BE1 7 0 64
A5A3A0E369 9 0 64
A9E25F6AA4 1 0 64
A9E25F6BA3 1 0 64
C6686950D0 12 0 64
C6686951D1 12 0 64
C6686952D2 12 0 64
C6686953D3 12 0 64
C6686955D5 12 0 64
C6686956D6 12 0 64
C6686957D7 12 0 64
C6686958D8 12 0 64
C6686959D9 12 0 64
C668695ADA 12 0 64
C668695BDB 12 0 64
C668695CDC 12 0 64
C668695DDD 12 0 64
C668695EDE 12 0 64
C668695FDF 12 0 64
C6696850D0 12 0 64
C6696851D1 12 0 64
C6696852D2 12 0 64
C6696853D3 12 0 64
C6696855D5 12 0 64
C6696856D6 12 0 64
C6696857D7 12 0 64
C6696858D8 12 0 64
C6696859D9 12 0 64
C669685ADA 12 0 64
C669685BDB 12 0 64
C669685CDC 12 0 64
C669685DDD 12 0 64
C669685EDE 12 0 64
C669685FDF 12 0 64
C8666950D0 12 0 64
C8666951D1 12 0 64
C8666952D2 12 0 64
C8666953D3 12 0 64
C8666955D5 12 0 64
C8666956D6 12 0 64
C8666957D7 12 0 64
C8666958D8 12 0 64
C8666959D9 12 0 64
C866695ADA 12 0 64
C866695BDB 12 0 64
C866695CDC 12 0 64
C866695DDD 12 0 64
C866695EDE 12 0 64
C866695FDF 12 0 64
C8696650D0 12 0 64
C8696651D1 12 0 64
C8696652D2 12 0 64
C8696653D3 12 0 64
C8696655D5 12 0 64
C8696656D6 12 0 64
C8696657D7 12 0 64
C8696658D8 12 0 64
C8696659D9 12 0 64
C869665ADA 12 0 64
C869665BDB 12 0 64
C869665CDC 12 0 64
C869665DDD 12 0 64
C869665EDE 12 0 64
C869665FDF 12 0 64
C9666850D0 12 0 64
C9666851D1 12 0 64
C9666852D2 12 0 64
C9666853D3 12 0 64
C9666855D5 12 0 64
C9666856D6 12 0 64
C9666857D7 12 0 64
C9666858D8 12 0 64
C9666859D9 12 0 64
C966685ADA 12 0 64
C966685BDB 12 0 64
C966685CDC 12 0 64
C966685DDD 12 0 64
C966685EDE 12 0 64
C966685FDF 12 0 64
C9686650D0 12 0 64
C9686651D1 12 0 64
C9686652D2 12 0 64
C9686653D3 12 0 64
C9686655D5 12 0 64
C9686656D6 12 0 64
C9686657D7 12 0 64
C9686658D8 12 0 64
C9686659D9 12 0 64
C968665ADA 12 0 64
C968665BDB 12 0 64
C968665CDC 12 0 64
C968665DDD 12 0 64
C968665EDE 12 0 64
C968665FDF 12 0 64
E46920A1A4 6 0 64
E55F6692A0 7 0 64
E55F69A2A0 7 0 64
EA69A05FA1 4 0 64
EB69A1A0CA 1 0 64
EB6AA05FA1 3 0 64
EC6BA05FA1 2 0 64
ED6CA05FA1 1 0 64
