# program copy_at_offset first_step original_intact copy_still_there_at_end
5541909155 5 21 0 1
5541919055 5 21 0 1
5641909156 6 21 0 0
5641919056 6 21 0 0
5741909157 7 21 0 0
5741919057 7 21 0 0
5841909158 8 21 0 1
5841919058 8 21 0 1
5941909159 9 21 0 0
5941919059 9 21 0 0
5A4190915A 10 21 0 0
5A4191905A 10 21 0 0
5B4190915B 11 21 0 0
5B4191905B 11 21 0 0
40905592A7 5 23 0 0
409055A792 5 23 0 0
40905692A8 6 23 0 0
409056A892 6 23 0 0
40905792A9 7 23 0 0
409057A992 7 23 0 0
40905892AA 8 23 0 0
409058AA92 8 23 0 0
40905992AB 9 23 0 0
409059AB92 9 23 0 0
40905A92AC 10 23 0 0
40905AAC92 10 23 0 0
40905B92AD 11 23 0 0
40905BAD92 11 23 0 0
40925490A7 5 23 0 0
409254A790 5 23 0 0
40925590A8 6 23 0 0
409255A890 6 23 0 0
40925690A9 7 23 0 0
409256A990 7 23 0 0
40925790AA 8 23 0 0
409257AA90 8 23 0 0
40925890AB 9 23 0 0
409258AB90 9 23 0 0
40925990AC 10 23 0 0
409259AC90 10 23 0 0
40925A90AD 11 23 0 0
40925AAD90 11 23 0 0
40A7559092 5 23 0 0
40A7559290 5 23 0 0
40A8569092 6 23 0 0
40A8569290 6 23 0 0
40A9579092 7 23 0 0
40A9579290 7 23 0 0
40AA589092 8 23 0 0
40AA589290 8 23 0 0
40AB599092 9 23 0 0
40AB599290 9 23 0 0
40AC5A9092 10 23 0 0
40AC5A9290 10 23 0 0
40AD5B9092 11 23 0 0
40AD5B9290 11 23 0 0
55A8409092 6 26 0 0
55A8409290 6 26 0 0
56A9409092 7 26 0 0
56A9409290 7 26 0 0
57AA409092 8 26 0 0
57AA409290 8 26 0 0
58AB409092 9 26 0 0
58AB409290 9 26 0 0
59AC409092 10 26 0 0
59AC409290 10 26 0 0
5AAD409092 11 26 0 0
5AAD409290 11 26 0 0
97A245A45A 5 26 0 0
98A245A45B 6 26 0 0
99A245A45C 7 26 0 0
9AA245A45D 8 26 0 0
9BA245A45E 9 26 0 0
9CA245A45F 10 26 0 0
9DA245A460 11 26 0 0
A29745A45A 5 27 0 0
A29845A45B 6 27 0 0
A29945A45C 7 27 0 0
A29A45A45D 8 27 0 0
A29B45A45E 9 27 0 0
A29C45A45F 10 27 0 0
A29D45A460 11 27 0 0
55923FA890 6 29 0 0
56923FA990 7 29 0 0
57923FAA90 8 29 0 0
58923FAB90 9 29 0 0
59923FAC90 10 29 0 0
5A923FAD90 11 29 0 0
40909354A8 5 30 0 0
40909355A9 6 30 0 0
40909356AA 7 30 0 0
40909357AB 8 30 0 0
40909358AC 9 30 0 0
40909359AD 10 30 0 0
4090935AAE 11 30 0 0
40939054A8 5 30 0 0
40939055A9 6 30 0 0
40939056AA 7 30 0 0
40939057AB 8 30 0 0
40939058AC 9 30 0 0
40939059AD 10 30 0 0
4093905AAE 11 30 0 0
55923F90A8 6 30 0 0
56923F90A9 7 30 0 0
57923F90AA 8 30 0 0
58923F90AB 9 30 0 0
59923F90AC 10 30 0 0
5A923F90AD 11 30 0 0
9644A1A45A 5 31 0 0
9644A4A15A 5 31 0 0
9744A1A45B 6 31 0 0
9744A4A15B 6 31 0 0
9844A1A45C 7 31 0 0
9844A4A15C 7 31 0 0
9944A1A45D 8 31 0 0
9944A4A15D 8 31 0 0
9A44A1A45E 9 31 0 0
9A44A4A15E 9 31 0 0
9B44A1A45F 10 31 0 0
9B44A4A15F 10 31 0 0
9C44A1A460 11 31 0 0
9C44A4A160 11 31 0 0
40A8905593 5 32 0 0
40A8935490 5 32 0 0
40A9905693 6 32 0 0
40A9935590 6 32 0 0
40AA905793 7 32 0 0
40AA935690 7 32 0 0
40AB905893 8 32 0 0
40AB935790 8 32 0 0
40AC905993 9 32 0 0
40AC935890 9 32 0 0
40AD905A93 10 32 0 0
40AD935990 10 32 0 0
40AE905B93 11 32 0 0
40AE935A90 11 32 0 0
4090A85593 5 33 0 0
4090A95693 6 33 0 0
4090AA5793 7 33 0 0
4090AB5893 8 33 0 0
4090AC5993 9 33 0 0
4090AD5A93 10 33 0 0
4090AE5B93 11 33 0 0
4093A85490 5 33 0 0
4093A95590 6 33 0 0
4093AA5690 7 33 0 0
4093AB5790 8 33 0 0
4093AC5890 9 33 0 0
4093AD5990 10 33 0 0
4093AE5A90 11 33 0 0
5541559091 5 33 0 0
5541559190 5 33 0 0
4155909141 8 37 0 1
4155919041 8 37 0 1
55A9933F90 6 37 0 0
56AA933F90 7 37 0 0
57AB933F90 8 37 0 0
58AC933F90 9 37 0 0
59AD933F90 10 37 0 0
5AAE933F90 11 37 0 0
4191559041 8 38 0 1
5593A93F90 6 38 0 0
5641569091 6 38 0 0
5641569190 6 38 0 0
5693AA3F90 7 38 0 0
5793AB3F90 8 38 0 0
5893AC3F90 9 38 0 0
5993AD3F90 10 38 0 0
5A93AE3F90 11 38 0 0
A14596A45A 5 38 0 0
A14597A45B 6 38 0 0
A14598A45C 7 38 0 0
A14599A45D 8 38 0 0
A1459AA45E 9 38 0 0
A1459BA45F 10 38 0 0
A1459CA460 11 38 0 0
5541905591 5 39 0 1
5541915590 5 39 0 1
A145A4965A 5 39 0 0
A145A4975B 6 39 0 0
A145A4985C 7 39 0 0
A145A4995D 8 39 0 0
A145A49A5E 9 39 0 0
A145A49B5F 10 39 0 0
A145A49C60 11 39 0 0
40A9909454 5 42 0 1
40A9949054 5 42 0 1
40AA909455 6 42 0 0
40AA949055 6 42 0 0
40AB909456 7 42 0 0
40AB949056 7 42 0 0
40AC909457 8 42 0 0
40AC949057 8 42 0 0
40AD909458 9 42 0 0
40AD949058 9 42 0 0
40AE909459 10 42 0 0
40AE949059 10 42 0 0
40AF90945A 11 42 0 0
40AF94905A 11 42 0 0
4495A0A45A 5 42 0 0
4495A4A05A 5 42 0 0
4496A0A45B 6 42 0 0
4496A4A05B 6 42 0 0
4497A0A45C 7 42 0 0
4497A4A05C 7 42 0 0
4498A0A45D 8 42 0 0
4498A4A05D 8 42 0 0
4499A0A45E 9 42 0 0
4499A4A05E 9 42 0 0
449AA0A45F 10 42 0 0
449AA4A05F 10 42 0 0
449BA0A460 11 42 0 0
449BA4A060 11 42 0 0
4090A99454 5 43 0 1
4090AA9455 6 43 0 0
4090AB9456 7 43 0 0
4090AC9457 8 43 0 0
4090AD9458 9 43 0 0
4090AE9459 10 43 0 0
4090AF945A 11 43 0 0
4094A99054 5 43 0 1
4094AA9055 6 43 0 0
4094AB9056 7 43 0 0
4094AC9057 8 43 0 0
4094AD9058 9 43 0 0
4094AE9059 10 43 0 0
4094AF905A 11 43 0 0
44A095A45A 5 43 0 0
44A096A45B 6 43 0 0
44A097A45C 7 43 0 0
44A098A45D 8 43 0 0
44A099A45E 9 43 0 0
44A09AA45F 10 43 0 0
44A09BA460 11 43 0 0
44A495A05A 5 43 0 0
44A496A05B 6 43 0 0
44A497A05C 7 43 0 0
44A498A05D 8 43 0 0
44A499A05E 9 43 0 0
44A49AA05F 10 43 0 0
44A49BA060 11 43 0 0
5741579091 7 43 0 0
5741579190 7 43 0 0
409094A954 5 44 0 1
409094AA55 6 44 0 0
409094AB56 7 44 0 0
409094AC57 8 44 0 0
409094AD58 9 44 0 0
409094AE59 10 44 0 0
409094AF5A 11 44 0 0
409490A954 5 44 0 1
409490AA55 6 44 0 0
409490AB56 7 44 0 0
409490AC57 8 44 0 0
409490AD58 9 44 0 0
409490AE59 10 44 0 0
409490AF5A 11 44 0 0
44A0A4955A 5 44 0 0
44A0A4965B 6 44 0 0
44A0A4975C 7 44 0 0
44A0A4985D 8 44 0 0
44A0A4995E 9 44 0 0
44A0A49A5F 10 44 0 0
44A0A49B60 11 44 0 0
44A4A0955A 5 44 0 0
44A4A0965B 6 44 0 0
44A4A0975C 7 44 0 0
44A4A0985D 8 44 0 0
44A4A0995E 9 44 0 0
44A4A09A5F 10 44 0 0
44A4A09B60 11 44 0 0
5641905691 6 44 0 0
5641915690 6 44 0 0
5644A1A45A 5 46 0 0
5644A4A15A 5 46 0 0
A25A4596A1 5 46 0 0
40905592AC 10 48 0 0
409055AC92 10 48 0 0
40925490AC 10 48 0 0
409254AC90 10 48 0 0
40AC559092 10 48 0 0
40AC559290 10 48 0 0
5841589091 8 48 0 0
5841589190 8 48 0 0
5741905791 7 49 0 0
5741915790 7 49 0 0
5941599091 9 53 0 0
5941599190 9 53 0 0
5841905891 8 54 0 0
5841915890 8 54 0 0
40909354AD 10 55 0 0
40939054AD 10 55 0 0
40AD905593 10 57 0 0
40AD935490 10 57 0 0
4090AD5593 10 58 0 0
4093AD5490 10 58 0 0
5A415A9091 10 58 0 0
5A415A9190 10 58 0 0
5941905991 9 59 0 0
5941915990 9 59 0 0
D2A3A45E45 8 59 0 0
D2A4A35E45 8 59 0 0
5B415B9091 11 63 0 1
5B415B9190 11 63 0 1
A14557A45B 6 63 0 1
A1455AA45E 9 63 0 1
A1455BA45F 10 63 0 1
A1455CA460 11 63 0 1
5A41905A91 10 64 0 1
5A41915A90 10 64 0 1
A145A4575B 6 64 0 1
A145A45A5E 9 64 0 1
A145A45B5F 10 64 0 1
A145A45C60 11 64 0 1
DEA3A45F45 9 64 0 1
DEA4A35F45 9 64 0 1
