# program  outputs_at_2+2  halts  steps   (all proven on 65,536 input pairs)
456950D0 16 0 64
456951D1 16 0 64
456952D2 16 0 64
456954D4 16 0 64
456955D5 16 0 64
456956D6 16 0 64
456957D7 16 0 64
456958D8 16 0 64
456959D9 16 0 64
45695ADA 16 0 64
45695BDB 16 0 64
45695CDC 16 0 64
45695DDD 16 0 64
45695EDE 16 0 64
45695FDF 16 0 64
496550D0 16 0 64
496551D1 16 0 64
496552D2 16 0 64
496554D4 16 0 64
496555D5 16 0 64
496556D6 16 0 64
496557D7 16 0 64
496558D8 16 0 64
496559D9 16 0 64
49655ADA 16 0 64
49655BDB 16 0 64
49655CDC 16 0 64
49655DDD 16 0 64
49655EDE 16 0 64
49655FDF 16 0 64
656950D0 16 0 64
656951D1 16 0 64
656952D2 16 0 64
656954D4 16 0 64
656955D5 16 0 64
656956D6 16 0 64
656957D7 16 0 64
656958D8 16 0 64
656959D9 16 0 64
65695ADA 16 0 64
65695BDB 16 0 64
65695CDC 16 0 64
65695DDD 16 0 64
65695EDE 16 0 64
65695FDF 16 0 64
696550D0 16 0 64
696551D1 16 0 64
696552D2 16 0 64
696554D4 16 0 64
696555D5 16 0 64
696556D6 16 0 64
696557D7 16 0 64
696558D8 16 0 64
696559D9 16 0 64
69655ADA 16 0 64
69655BDB 16 0 64
69655CDC 16 0 64
69655DDD 16 0 64
69655EDE 16 0 64
69655FDF 16 0 64
C56950D0 16 0 64
C56951D1 16 0 64
C56952D2 16 0 64
C56954D4 16 0 64
C56955D5 16 0 64
C56956D6 16 0 64
C56957D7 16 0 64
C56958D8 16 0 64
C56959D9 16 0 64
C5695ADA 16 0 64
C5695BDB 16 0 64
C5695CDC 16 0 64
C5695DDD 16 0 64
C5695EDE 16 0 64
C5695FDF 16 0 64
C96550D0 16 0 64
C96551D1 16 0 64
C96552D2 16 0 64
C96554D4 16 0 64
C96555D5 16 0 64
C96556D6 16 0 64
C96557D7 16 0 64
C96558D8 16 0 64
C96559D9 16 0 64
C9655ADA 16 0 64
C9655BDB 16 0 64
C9655CDC 16 0 64
C9655DDD 16 0 64
C9655EDE 16 0 64
C9655FDF 16 0 64
